# ./bin/plotdat anomal ./data/isoi.dat
# SOI [1] CRU Southern Oscillation Index
# <a href="https://crudata.uea.ac.uk/cru/data/soi/">data description</a>
 1866.0000 -0.642947    
 1866.0834 -0.537631E-01
 1866.1666 -0.471757    
 1866.2500 -0.636487    
 1866.3334  0.764737E-01
 1866.4166 -0.661270    
 1866.5000 -0.400993    
 1866.5834  0.572651    
 1866.6666 -0.190289    
 1866.7500  0.216324    
 1866.8334   1.17084    
 1866.9166 -0.213821    
 1867.0000  0.680526E-01
 1867.0834  0.512369E-01
 1867.1666  0.522434E-01
 1867.2500  0.839513    
 1867.3334  0.541474    
 1867.4166 -0.329270    
 1867.5000  0.384007    
 1867.5834  0.552651    
 1867.6666  0.105711    
 1867.7500 -0.413676    
 1867.8334 -0.575159    
 1867.9166 -0.943821    
 1868.0000 -0.189947    
 1868.0834 -0.273763    
 1868.1666  -1.41976    
 1868.2500  0.312513    
 1868.3334  -1.29753    
 1868.4166  -2.04527    
 1868.5000 -0.457993    
 1868.5834  -1.20235    
 1868.6666  -1.24029    
 1868.7500  -1.09668    
 1868.8334  -1.41916    
 1868.9166  0.460179    
 1869.0000  -1.92295    
 1869.0834 -0.200763    
 1869.1666 -0.442757    
 1869.2500   2.12651    
 1869.3334   1.44347    
 1869.4166   1.68773    
 1869.5000   1.36601    
 1869.5834   1.14865    
 1869.6666  0.102711    
 1869.7500  0.996324    
 1869.8334  0.636841    
 1869.9166  0.367179    
 1870.0000   1.03505    
 1870.0834  0.244237    
 1870.1666 -0.602757    
 1870.2500  0.481513    
 1870.3334 -0.745263E-01
 1870.4166 -0.949270    
 1870.5000  0.116007    
 1870.5834   1.19165    
 1870.6666 -0.162895E-01
 1870.7500 -0.433676    
 1870.8334 -0.782159    
 1870.9166  -1.34882    
 1871.0000  -1.15595    
 1871.0834 -0.657631E-01
 1871.1666  -1.85676    
 1871.2500 -0.446487    
 1871.3334 -0.431526    
 1871.4166  0.398730    
 1871.5000  0.257007    
 1871.5834  0.594651    
 1871.6666  0.561710    
 1871.7500  0.632450E-02
 1871.8334  0.528411E-01
 1871.9166  0.915179    
 1872.0000   2.66305    
 1872.0834   1.18024    
 1872.1666   1.83224    
 1872.2500 -0.531487    
 1872.3334   1.39247    
 1872.4166   2.60773    
 1872.5000   2.24501    
 1872.5834   1.19865    
 1872.6666   3.12771    
 1872.7500   2.03932    
 1872.8334   3.16584    
 1872.9166   2.74018    
 1873.0000   2.44205    
 1873.0834   1.18724    
 1873.1666   1.77024    
 1873.2500   2.29451    
 1873.3334   1.22347    
 1873.4166  -2.93627    
 1873.5000  -1.19699    
 1873.5834 -0.373349    
 1873.6666  -2.14829    
 1873.7500  -1.63068    
 1873.8334 -0.282159    
 1873.9166   1.27718    
 1874.0000  0.874053    
 1874.0834 -0.213763    
 1874.1666 -0.376757    
 1874.2500  0.987513    
 1874.3334   1.32747    
 1874.4166  -1.76927    
 1874.5000 -0.199993    
 1874.5834  0.965651    
 1874.6666   2.01671    
 1874.7500   2.33732    
 1874.8334  0.607841    
 1874.9166   1.22218    
 1875.0000  0.628053    
 1875.0834 -0.487631E-01
 1875.1666 -0.853757    
 1875.2500   1.40951    
 1875.3334  0.791474    
 1875.4166   2.72673    
 1875.5000 -0.540993    
 1875.5834  0.651285E-03
 1875.6666  0.811710    
 1875.7500   1.07332    
 1875.8334  -1.46616    
 1875.9166 -0.594821    
 1876.0000   1.12905    
 1876.0834   1.04424    
 1876.1666  0.412434E-01
 1876.2500  0.945513    
 1876.3334  0.783474    
 1876.4166   2.12973    
 1876.5000 -0.564993    
 1876.5834   1.29465    
 1876.6666  0.965711    
 1876.7500 -0.855676    
 1876.8334 -0.390159    
 1876.9166 -0.505821    
 1877.0000 -0.908947    
 1877.0834  -1.38076    
 1877.1666 -0.925757    
 1877.2500  -3.86349    
 1877.3334  -1.66753    
 1877.4166  -4.19027    
 1877.5000  -1.01299    
 1877.5834 -0.845349    
 1877.6666  -1.72429    
 1877.7500  -1.55268    
 1877.8334  -1.23316    
 1877.9166  -1.57082    
 1878.0000  -1.00595    
 1878.0834  -2.15276    
 1878.1666  -1.71376    
 1878.2500  -1.05849    
 1878.3334  0.141474    
 1878.4166 -0.433270    
 1878.5000   1.54101    
 1878.5834   1.33665    
 1878.6666   1.68071    
 1878.7500   1.08132    
 1878.8334   1.46084    
 1878.9166   1.83718    
 1879.0000   1.25605    
 1879.0834   1.39224    
 1879.1666   1.44724    
 1879.2500   1.59851    
 1879.3334  0.141474    
 1879.4166   2.00273    
 1879.5000   2.13601    
 1879.5834   2.41365    
 1879.6666   1.78071    
 1879.7500   1.66932    
 1879.8334  0.834841    
 1879.9166 -0.762821    
 1880.0000   1.10905    
 1880.0834  0.766237    
 1880.1666   1.57224    
 1880.2500  0.797513    
 1880.3334   1.26347    
 1880.4166   1.12673    
 1880.5000  0.156007    
 1880.5834   1.47365    
 1880.6666  0.719711    
 1880.7500  0.705324    
 1880.8334  0.815841    
 1880.9166 -0.386821    
 1881.0000 -0.866947    
 1881.0834 -0.603763    
 1881.1666  0.159243    
 1881.2500  0.438513    
 1881.3334 -0.516526    
 1881.4166 -0.629270    
 1881.5000 -0.564993    
 1881.5834  -1.18235    
 1881.6666  -1.36629    
 1881.7500  -2.45468    
 1881.8334  0.565841    
 1881.9166  0.643179    
 1882.0000 -0.790947    
 1882.0834 -0.197763    
 1882.1666  0.552243    
 1882.2500 -0.454868E-01
 1882.3334  0.385474    
 1882.4166  -1.60027    
 1882.5000  -2.18099    
 1882.5834  -2.53035    
 1882.6666  -1.45829    
 1882.7500  0.513245E-01
 1882.8334  0.285841    
 1882.9166  0.989179    
 1883.0000  0.453053    
 1883.0834 -0.884763    
 1883.1666  -2.79476    
 1883.2500   1.64151    
 1883.3334   1.50647    
 1883.4166  0.410730    
 1883.5000  -1.06699    
 1883.5834  0.275651    
 1883.6666 -0.824290    
 1883.7500  0.499325    
 1883.8334  0.267841    
 1883.9166  -1.82882    
 1884.0000  -1.42495    
 1884.0834 -0.549763    
 1884.1666   1.02524    
 1884.2500  -1.58549    
 1884.3334  0.218474    
 1884.4166   1.13773    
 1884.5000 -0.331993    
 1884.5834 -0.420349    
 1884.6666 -0.716290    
 1884.7500  0.525325    
 1884.8334 -0.186159    
 1884.9166  -1.55482    
 1885.0000  -1.80995    
 1885.0834  0.100237    
 1885.1666  0.529243    
 1885.2500  0.164513    
 1885.3334  0.524737E-01
 1885.4166  -1.75727    
 1885.5000 -0.501993    
 1885.5834 -0.922349    
 1885.6666 -0.445289    
 1885.7500  -1.77768    
 1885.8334  -1.47316    
 1885.9166  0.411179    
 1886.0000 -0.243947    
 1886.0834  0.682369E-01
 1886.1666  0.292243    
 1886.2500  0.502513    
 1886.3334  0.577474    
 1886.4166  0.582730    
 1886.5000  0.685007    
 1886.5834   1.54265    
 1886.6666   1.26771    
 1886.7500   1.44532    
 1886.8334  0.955841    
 1886.9166   1.45318    
 1887.0000   1.17405    
 1887.0834   1.01624    
 1887.1666   1.09024    
 1887.2500   1.00851    
 1887.3334 -0.545526    
 1887.4166  0.618730    
 1887.5000  0.469007    
 1887.5834  0.545651    
 1887.6666  0.436711    
 1887.7500  0.650324    
 1887.8334 -0.559159    
 1887.9166  0.399179    
 1888.0000 -0.348947    
 1888.0834 -0.264763    
 1888.1666  -1.33176    
 1888.2500  -2.78749    
 1888.3334  -1.08153    
 1888.4166  -2.00127    
 1888.5000  -1.69899    
 1888.5834 -0.880349    
 1888.6666 -0.952290    
 1888.7500  -1.46668    
 1888.8334  -1.29516    
 1888.9166 -0.449821    
 1889.0000  -2.86795    
 1889.0834 -0.149763    
 1889.1666  -3.05276    
 1889.2500  0.805132E-01
 1889.3334 -0.152526    
 1889.4166   2.64673    
 1889.5000  0.122007    
 1889.5834  0.258651    
 1889.6666   1.03671    
 1889.7500  0.429325    
 1889.8334   1.99284    
 1889.9166   2.29418    
 1890.0000   2.13605    
 1890.0834   1.09524    
 1890.1666   1.57024    
 1890.2500  0.755513    
 1890.3334  0.383474    
 1890.4166  0.602730    
 1890.5000 -0.285993    
 1890.5834 -0.204349    
 1890.6666  0.868711    
 1890.7500  0.318325    
 1890.8334  0.235841    
 1890.9166 -0.968212E-01
 1891.0000   1.52805    
 1891.0834 -0.427763    
 1891.1666  -1.07976    
 1891.2500  0.713513    
 1891.3334  0.317474    
 1891.4166 -0.130270    
 1891.5000 -0.633993    
 1891.5834 -0.984349    
 1891.6666  -1.09129    
 1891.7500  0.198325    
 1891.8334 -0.413159    
 1891.9166 -0.673821    
 1892.0000  0.172053    
 1892.0834  -1.06376    
 1892.1666   1.23024    
 1892.2500  0.966513    
 1892.3334   1.41147    
 1892.4166   2.40673    
 1892.5000  0.725007    
 1892.5834  0.696651    
 1892.6666 -0.728948E-02
 1892.7500  0.996324    
 1892.8334 -0.804159    
 1892.9166  0.243179    
 1893.0000  0.885053    
 1893.0834  0.715237    
 1893.1666  0.463243    
 1893.2500   1.45151    
 1893.3334   1.79847    
 1893.4166   2.30273    
 1893.5000   1.82001    
 1893.5834  0.814651    
 1893.6666   1.19771    
 1893.7500  0.770324    
 1893.8334  0.901841    
 1893.9166 -0.550821    
 1894.0000   2.12205    
 1894.0834   1.03224    
 1894.1666  0.966243    
 1894.2500   1.11351    
 1894.3334 -0.818526    
 1894.4166  0.145730    
 1894.5000  0.415007    
 1894.5834  -1.19235    
 1894.6666 -0.255289    
 1894.7500  0.454324    
 1894.8334 -0.820159    
 1894.9166  0.101788E-01
 1895.0000  0.517053    
 1895.0834  0.680237    
 1895.1666 -0.121757    
 1895.2500   1.34551    
 1895.3334  0.689474    
 1895.4166  -1.10127    
 1895.5000 -0.802993    
 1895.5834 -0.806349    
 1895.6666 -0.536290    
 1895.7500 -0.672675    
 1895.8334 -0.396159    
 1895.9166  -1.05482    
 1896.0000  0.450526E-01
 1896.0834  0.435237    
 1896.1666 -0.697757    
 1896.2500  -1.18449    
 1896.3334  -3.19353    
 1896.4166  -2.83327    
 1896.5000  -1.44599    
 1896.5834  -2.33535    
 1896.6666  -1.89129    
 1896.7500  -1.86368    
 1896.8334  -1.18816    
 1896.9166  -1.74782    
 1897.0000  -1.44695    
 1897.0834 -0.797763    
 1897.1666  -1.86376    
 1897.2500  -1.98649    
 1897.3334  -1.54853    
 1897.4166 -0.526972E-02
 1897.5000 -0.245993    
 1897.5834  0.107651    
 1897.6666 -0.182895E-01
 1897.7500  0.243324    
 1897.8334 -0.890159    
 1897.9166  0.989179    
 1898.0000  0.622053    
 1898.0834  0.537237    
 1898.1666   2.16124    
 1898.2500   1.34551    
 1898.3334 -0.675263E-01
 1898.4166 -0.353270    
 1898.5000  0.593007    
 1898.5834  0.931651    
 1898.6666  0.863711    
 1898.7500  0.488325    
 1898.8334  0.898411E-01
 1898.9166  0.367179    
 1899.0000   1.28705    
 1899.0834  0.929237    
 1899.1666   1.52624    
 1899.2500  0.502513    
 1899.3334 -0.717526    
 1899.4166  -1.27327    
 1899.5000 -0.586993    
 1899.5834 -0.964349    
 1899.6666 -0.203289    
 1899.7500  0.887324    
 1899.8334   1.73084    
 1899.9166 -0.497821    
 1900.0000 -0.917947    
 1900.0834 -0.665763    
 1900.1666  -2.80976    
 1900.2500  -2.09149    
 1900.3334 -0.717526    
 1900.4166   3.24973    
 1900.5000  0.961007    
 1900.5834  0.963651    
 1900.6666  -1.62629    
 1900.7500  -1.98068    
 1900.8334 -0.679159    
 1900.9166 -0.782821    
 1901.0000 -0.116947    
 1901.0834  0.268237    
 1901.1666   1.02324    
 1901.2500  0.649513    
 1901.3334  0.118474    
 1901.4166   2.45373    
 1901.5000   1.45201    
 1901.5834   1.00765    
 1901.6666  -1.59329    
 1901.7500  -2.54468    
 1901.8334 -0.873159    
 1901.9166 -0.378821    
 1902.0000   1.65005    
 1902.0834 -0.218763    
 1902.1666   1.24724    
 1902.2500   1.15551    
 1902.3334   1.44547    
 1902.4166  0.389730    
 1902.5000  0.151007    
 1902.5834 -0.880349    
 1902.6666  -1.77629    
 1902.7500 -0.621675    
 1902.8334 -0.185159    
 1902.9166 -0.502821    
 1903.0000  -1.12695    
 1903.0834  -1.04576    
 1903.1666   1.94624    
 1903.2500   2.18951    
 1903.3334  0.961474    
 1903.4166 -0.612697E-01
 1903.5000  0.545007    
 1903.5834  0.656513E-01
 1903.6666  0.799711    
 1903.7500  0.443325    
 1903.8334  0.198411E-01
 1903.9166   1.60918    
 1904.0000   1.36105    
 1904.0834   1.59624    
 1904.1666   1.03124    
 1904.2500   3.64451    
 1904.3334   1.03447    
 1904.4166 -0.857270    
 1904.5000 -0.925993    
 1904.5834  0.107651    
 1904.6666 -0.242895E-01
 1904.7500  0.363245E-01
 1904.8334  -1.73816    
 1904.9166  0.123179    
 1905.0000  -1.10995    
 1905.0834  -1.77476    
 1905.1666  -3.36276    
 1905.2500  -3.04049    
 1905.3334  -1.63953    
 1905.4166  -2.14127    
 1905.5000  -2.16099    
 1905.5834 -0.751349    
 1905.6666 -0.711290    
 1905.7500 -0.683676    
 1905.8334  -1.73416    
 1905.9166  -1.62382    
 1906.0000 -0.453947    
 1906.0834 -0.811763    
 1906.1666 -0.416757    
 1906.2500 -0.826487    
 1906.3334 -0.988526    
 1906.4166 -0.561270    
 1906.5000  0.622007    
 1906.5834   1.63865    
 1906.6666   1.73371    
 1906.7500  0.951324    
 1906.8334   2.02684    
 1906.9166  0.247179    
 1907.0000  0.534053    
 1907.0834 -0.161763    
 1907.1666 -0.171757    
 1907.2500 -0.826487    
 1907.3334 -0.531526    
 1907.4166  0.602730    
 1907.5000 -0.869934E-01
 1907.5834 -0.835349    
 1907.6666 -0.822895E-01
 1907.7500 -0.290676    
 1907.8334 -0.505159    
 1907.9166  0.595179    
 1908.0000  -1.01395    
 1908.0834  0.900237    
 1908.1666 -0.268757    
 1908.2500   1.02951    
 1908.3334  0.218474    
 1908.4166 -0.477270    
 1908.5000   1.37701    
 1908.5834  0.416651    
 1908.6666   1.65171    
 1908.7500  0.865324    
 1908.8334  0.160841    
 1908.9166 -0.766821    
 1909.0000 -0.323947    
 1909.0834 -0.331763    
 1909.1666 -0.475658E-02
 1909.2500  -1.77549    
 1909.3334  0.112474    
 1909.4166   2.78673    
 1909.5000   1.02701    
 1909.5834   1.10465    
 1909.6666  0.497105E-01
 1909.7500  0.347324    
 1909.8334  0.814841    
 1909.9166  0.359179    
 1910.0000  0.574053    
 1910.0834   1.48324    
 1910.1666   1.39324    
 1910.2500  0.397513    
 1910.3334  0.125474    
 1910.4166   2.64673    
 1910.5000   2.00901    
 1910.5834   1.10465    
 1910.6666   1.44571    
 1910.7500   1.18832    
 1910.8334   1.81584    
 1910.9166   1.60418    
 1911.0000  0.277053    
 1911.0834  0.722369E-01
 1911.1666  0.366243    
 1911.2500  0.595132E-01
 1911.3334 -0.696526    
 1911.4166  -1.39827    
 1911.5000  -1.31399    
 1911.5834  -1.20235    
 1911.6666 -0.889289    
 1911.7500  -1.15568    
 1911.8334 -0.732159    
 1911.9166 -0.322821    
 1912.0000  -1.14095    
 1912.0834  -1.76376    
 1912.1666 -0.999757    
 1912.2500  -2.26049    
 1912.3334  -1.08353    
 1912.4166 -0.837270    
 1912.5000 -0.104993    
 1912.5834 -0.729349    
 1912.6666 -0.411289    
 1912.7500 -0.828676    
 1912.8334  0.198841    
 1912.9166  -1.06382    
 1913.0000 -0.436947    
 1913.0834 -0.563763    
 1913.1666  0.151243    
 1913.2500 -0.784487    
 1913.3334 -0.526526    
 1913.4166 -0.442270    
 1913.5000 -0.179993    
 1913.5834 -0.707349    
 1913.6666 -0.964289    
 1913.7500 -0.873676    
 1913.8334  -1.17516    
 1913.9166 -0.946821    
 1914.0000 -0.763947    
 1914.0834  0.248237    
 1914.1666   1.02324    
 1914.2500  -2.26049    
 1914.3334  -1.17453    
 1914.4166  -2.48527    
 1914.5000  -1.02999    
 1914.5834  -1.62735    
 1914.6666  -1.48829    
 1914.7500 -0.584675    
 1914.8334 -0.396159    
 1914.9166  0.114179    
 1915.0000  -2.73795    
 1915.0834 -0.530763    
 1915.1666  -2.35176    
 1915.2500  -1.48049    
 1915.3334   1.25447    
 1915.4166   2.83373    
 1915.5000   2.47201    
 1915.5834   1.51065    
 1915.6666   1.32971    
 1915.7500   1.09232    
 1915.8334  -1.66916    
 1915.9166  0.936179    
 1916.0000  0.534053    
 1916.0834 -0.460763    
 1916.1666 -0.691757    
 1916.2500  0.175132E-01
 1916.3334  0.470474    
 1916.4166  0.899730    
 1916.5000   2.51801    
 1916.5834   1.72565    
 1916.6666  0.402711    
 1916.7500  0.503325    
 1916.8334  0.847841    
 1916.9166   1.56818    
 1917.0000  0.430053    
 1917.0834   1.04724    
 1917.1666   2.00524    
 1917.2500   2.59051    
 1917.3334   2.43547    
 1917.4166   2.54273    
 1917.5000   2.77101    
 1917.5834   3.69565    
 1917.6666   2.82871    
 1917.7500   1.65632    
 1917.8334   2.00684    
 1917.9166   2.34218    
 1918.0000   1.43205    
 1918.0834   1.64624    
 1918.1666 -0.245757    
 1918.2500   2.08351    
 1918.3334   1.12647    
 1918.4166 -0.629270    
 1918.5000  -1.43499    
 1918.5834 -0.429349    
 1918.6666 -0.866289    
 1918.7500 -0.476676    
 1918.8334  0.948411E-01
 1918.9166  -1.05882    
 1919.0000  -1.64795    
 1919.0834  -1.13076    
 1919.1666  -1.42176    
 1919.2500 -0.362487    
 1919.3334 -0.916526    
 1919.4166  -1.30927    
 1919.5000 -0.925993    
 1919.5834 -0.687349    
 1919.6666 -0.606290    
 1919.7500  -1.11068    
 1919.8334  -1.15516    
 1919.9166  -1.17082    
 1920.0000  0.149053    
 1920.0834 -0.228763    
 1920.1666 -0.482757    
 1920.2500 -0.884868E-01
 1920.3334 -0.359526    
 1920.4166  0.552730    
 1920.5000  0.866007    
 1920.5834  0.654651    
 1920.6666  0.453711    
 1920.7500 -0.542675    
 1920.8334 -0.120159    
 1920.9166  0.936179    
 1921.0000   1.06405    
 1921.0834  0.648237    
 1921.1666   1.21524    
 1921.2500  -1.26949    
 1921.3334  0.274737E-01
 1921.4166   4.22673    
 1921.5000  0.234007    
 1921.5834 -0.665349    
 1921.6666  0.441711    
 1921.7500   1.11832    
 1921.8334  0.831841    
 1921.9166  0.760179    
 1922.0000  0.758053    
 1922.0834  0.836237    
 1922.1666  0.624243    
 1922.2500 -0.678487    
 1922.3334 -0.723526    
 1922.4166  0.602730    
 1922.5000  0.177007    
 1922.5834 -0.633487E-01
 1922.6666  0.448711    
 1922.7500  0.695324    
 1922.8334  0.831841    
 1922.9166   1.15218    
 1923.0000  0.534053    
 1923.0834  0.399237    
 1923.1666  0.987243    
 1923.2500  0.818513    
 1923.3334  0.274737E-01
 1923.4166 -0.202697E-01
 1923.5000  -1.17099    
 1923.5834  -1.92735    
 1923.6666  -1.47129    
 1923.7500 -0.576676    
 1923.8334  -1.33316    
 1923.9166  0.751788E-01
 1924.0000 -0.707947    
 1924.0834  0.692369E-01
 1924.1666  0.254243    
 1924.2500  -1.94449    
 1924.3334   1.22747    
 1924.4166  0.998730    
 1924.5000  0.725007    
 1924.5834   1.09465    
 1924.6666  0.729711    
 1924.7500  0.770324    
 1924.8334   1.09584    
 1924.9166  0.427179    
 1925.0000  0.517053    
 1925.0834   1.28724    
 1925.1666   1.66524    
 1925.2500   1.49351    
 1925.3334 -0.258526    
 1925.4166 -0.665270    
 1925.5000  -1.36899    
 1925.5834  -1.02835    
 1925.6666 -0.671290    
 1925.7500  -1.35168    
 1925.8334 -0.894159    
 1925.9166 -0.946821    
 1926.0000 -0.645947    
 1926.0834  -1.49276    
 1926.1666  -1.50276    
 1926.2500 -0.742487    
 1926.3334 -0.245526    
 1926.4166 -0.893270    
 1926.5000 -0.141993    
 1926.5834 -0.707349    
 1926.6666  0.102711    
 1926.7500  0.388324    
 1926.8334  0.144841    
 1926.9166  0.532179    
 1927.0000  0.486053    
 1927.0834  0.692369E-01
 1927.1666   1.98424    
 1927.2500  0.755513    
 1927.3334  0.662474    
 1927.4166   1.06673    
 1927.5000  0.111007    
 1927.5834 -0.536349    
 1927.6666 -0.872895E-01
 1927.7500 -0.405676    
 1927.8334 -0.840159    
 1927.9166  0.692179    
 1928.0000  -1.24595    
 1928.0834   1.01824    
 1928.1666   1.51924    
 1928.2500   1.45151    
 1928.3334 -0.465263E-01
 1928.4166 -0.997270    
 1928.5000 -0.759934E-01
 1928.5834   1.00765    
 1928.6666  0.729711    
 1928.7500  0.910324    
 1928.8334  0.285841    
 1928.9166   1.14918    
 1929.0000   1.71105    
 1929.0834   1.74924    
 1929.1666  0.550243    
 1929.2500  0.586513    
 1929.3334  -1.16153    
 1929.4166  0.217730    
 1929.5000  0.151007    
 1929.5834  0.426513E-01
 1929.6666 -0.872895E-01
 1929.7500  0.947324    
 1929.8334   1.02584    
 1929.9166  0.476179    
 1930.0000   1.27905    
 1930.0834  0.747237    
 1930.1666  0.182243    
 1930.2500 -0.320487    
 1930.3334  0.510474    
 1930.4166 -0.685270    
 1930.5000 -0.454993    
 1930.5834 -0.172349    
 1930.6666 -0.733289    
 1930.7500  0.605325    
 1930.8334  0.377841    
 1930.9166 -0.325821    
 1931.0000  0.605053    
 1931.0834  -1.54276    
 1931.1666  0.588243    
 1931.2500   1.11351    
 1931.3334   1.69747    
 1931.4166   2.38573    
 1931.5000  0.923007    
 1931.5834 -0.291349    
 1931.6666  0.338711    
 1931.7500 -0.857675    
 1931.8334 -0.294159    
 1931.9166  0.751179    
 1932.0000  0.180053    
 1932.0834 -0.295763    
 1932.1666 -0.579757    
 1932.2500  -2.74549    
 1932.3334  0.125474    
 1932.4166 -0.109270    
 1932.5000  -1.57799    
 1932.5834 -0.687349    
 1932.6666 -0.877289    
 1932.7500 -0.542675    
 1932.8334 -0.538159    
 1932.9166  0.195179    
 1933.0000  -1.24595    
 1933.0834  0.402237    
 1933.1666 -0.203757    
 1933.2500  0.481513    
 1933.3334  0.776474    
 1933.4166 -0.525270    
 1933.5000  0.320007    
 1933.5834 -0.213487E-01
 1933.6666  0.153711    
 1933.7500  0.318325    
 1933.8334  0.603841    
 1933.9166  0.756179    
 1934.0000  0.591053    
 1934.0834  0.223685E-02
 1934.1666  0.262434E-01
 1934.2500  0.650513    
 1934.3334 -0.717526    
 1934.4166   1.27473    
 1934.5000  0.243007    
 1934.5834  -2.23135    
 1934.6666 -0.658289    
 1934.7500  0.525325    
 1934.8334   1.28684    
 1934.9166 -0.434821    
 1935.0000  0.614053    
 1935.0834 -0.494763    
 1935.1666   1.34824    
 1935.2500  0.375513    
 1935.3334 -0.425526    
 1935.4166 -0.269270    
 1935.5000 -0.759934E-01
 1935.5834  0.213651    
 1935.6666  0.575710    
 1935.7500  0.740324    
 1935.8334  0.376841    
 1935.9166 -0.609821    
 1936.0000 -0.331947    
 1936.0834  0.192369E-01
 1936.1666  0.195243    
 1936.2500   2.82251    
 1936.3334  0.305474    
 1936.4166 -0.213270    
 1936.5000  0.375007    
 1936.5834 -0.783349    
 1936.6666  0.217711    
 1936.7500  0.323245E-01
 1936.8334  -1.47416    
 1936.9166 -0.898212E-01
 1937.0000  0.919053    
 1937.0834 -0.530763    
 1937.1666  0.698243    
 1937.2500  0.185513    
 1937.3334  0.232474    
 1937.4166  0.374730    
 1937.5000 -0.586993    
 1937.5834  0.416651    
 1937.6666  0.277105E-01
 1937.7500 -0.249675    
 1937.8334 -0.382159    
 1937.9166  0.588179    
 1938.0000  0.727053    
 1938.0834  0.271237    
 1938.1666 -0.408757    
 1938.2500  0.396513    
 1938.3334   1.21447    
 1938.4166   2.16273    
 1938.5000   1.81101    
 1938.5834   1.45565    
 1938.6666  0.671710    
 1938.7500   1.51132    
 1938.8334  0.284109E-02
 1938.9166   1.36818    
 1939.0000   1.71205    
 1939.0834  0.719237    
 1939.1666   1.28324    
 1939.2500   1.13551    
 1939.3334 -0.595263E-01
 1939.4166 -0.213270    
 1939.5000  0.783007    
 1939.5834  0.104651    
 1939.6666 -0.964289    
 1939.7500  -1.56268    
 1939.8334 -0.890159    
 1939.9166  -1.12682    
 1940.0000 -0.829474E-01
 1940.0834 -0.496763    
 1940.1666  -1.19176    
 1940.2500 -0.931487    
 1940.3334  -1.35453    
 1940.4166  -2.33427    
 1940.5000  -1.55799    
 1940.5834  -1.89735    
 1940.6666  -1.96129    
 1940.7500  -1.65668    
 1940.8334 -0.699159    
 1940.9166  -3.43482    
 1941.0000  -1.15795    
 1941.0834  -1.53676    
 1941.1666  -1.18976    
 1941.2500  -1.18549    
 1941.3334 -0.710526    
 1941.4166  -1.73427    
 1941.5000  -2.05299    
 1941.5834  -1.98435    
 1941.6666 -0.840289    
 1941.7500  -2.14168    
 1941.8334  -1.01816    
 1941.9166  -1.12282    
 1942.0000  -1.53495    
 1942.0834 -0.451763    
 1942.1666 -0.655757    
 1942.2500 -0.510487    
 1942.3334  0.285474    
 1942.4166  0.950730    
 1942.5000 -0.133993    
 1942.5834  0.510651    
 1942.6666  0.800710    
 1942.7500  0.840324    
 1942.8334 -0.568159    
 1942.9166   1.36918    
 1943.0000  0.852053    
 1943.0834  0.976237    
 1943.1666  0.434243    
 1943.2500   1.59851    
 1943.3334  0.290474    
 1943.4166 -0.973270    
 1943.5000  0.246007    
 1943.5834  0.903651    
 1943.6666  0.512711    
 1943.7500  0.938325    
 1943.8334  0.288841    
 1943.9166  -1.10982    
 1944.0000 -0.979947    
 1944.0834  0.363237    
 1944.1666  0.607243    
 1944.2500 -0.531487    
 1944.3334  0.534737E-01
 1944.4166 -0.454270    
 1944.5000 -0.903993    
 1944.5834  0.342651    
 1944.6666  0.202711    
 1944.7500 -0.885675    
 1944.8334 -0.762159    
 1944.9166  0.309179    
 1945.0000  0.407053    
 1945.0834  0.598237    
 1945.1666   1.47324    
 1945.2500 -0.721487    
 1945.3334  0.614737E-01
 1945.4166  0.950730    
 1945.5000  0.334007    
 1945.5834   1.27565    
 1945.6666  0.787710    
 1945.7500  0.355325    
 1945.8334 -0.373159    
 1945.9166  0.578179    
 1946.0000 -0.351947    
 1946.0834  0.357237    
 1946.1666 -0.241757    
 1946.2500  -1.01649    
 1946.3334  -1.15353    
 1946.4166  -1.16927    
 1946.5000  -1.04099    
 1946.5834 -0.422349    
 1946.6666  -1.58929    
 1946.7500  -1.23968    
 1946.8334 -0.174159    
 1946.9166 -0.768821    
 1947.0000 -0.659947    
 1947.0834 -0.500763    
 1947.1666   1.27024    
 1947.2500 -0.552487    
 1947.3334  -1.20453    
 1947.4166  0.318730    
 1947.5000  0.923007    
 1947.5834  0.869651    
 1947.6666   1.08271    
 1947.7500 -0.206676    
 1947.8334  0.826841    
 1947.9166  0.416179    
 1948.0000 -0.455947    
 1948.0834 -0.342763    
 1948.1666 -0.456757    
 1948.2500  0.270513    
 1948.3334  0.383474    
 1948.4166 -0.605270    
 1948.5000  0.390066E-01
 1948.5834 -0.333349    
 1948.6666 -0.774289    
 1948.7500  0.681324    
 1948.8334  0.259841    
 1948.9166 -0.773821    
 1949.0000 -0.888947    
 1949.0834  0.113237    
 1949.1666  0.637243    
 1949.2500  0.291513    
 1949.3334 -0.645526    
 1949.4166  -1.44527    
 1949.5000 -0.204993    
 1949.5834 -0.422349    
 1949.6666  0.154711    
 1949.7500  0.529324    
 1949.8334 -0.692159    
 1949.9166  0.714179    
 1950.0000  0.509053    
 1950.0834   1.64424    
 1950.1666   1.93124    
 1950.2500   1.68351    
 1950.3334  0.592474    
 1950.4166   3.21073    
 1950.5000   2.08101    
 1950.5834   1.35465    
 1950.6666  0.617711    
 1950.7500   1.82632    
 1950.8334  0.966841    
 1950.9166   2.40618    
 1951.0000   1.29305    
 1951.0834  0.537237    
 1951.1666 -0.562757    
 1951.2500  -1.01649    
 1951.3334  -1.25453    
 1951.4166 -0.368270    
 1951.5000  -1.38599    
 1951.5834 -0.536349    
 1951.6666  -1.18229    
 1951.7500  -1.29468    
 1951.8334 -0.911159    
 1951.9166 -0.955821    
 1952.0000 -0.951947    
 1952.0834 -0.762763    
 1952.1666  0.119243    
 1952.2500 -0.721487    
 1952.3334  0.706474    
 1952.4166  0.930730    
 1952.5000  0.455007    
 1952.5834 -0.170349    
 1952.6666 -0.253289    
 1952.7500  0.261324    
 1952.8334 -0.150159    
 1952.9166  -1.45482    
 1953.0000  0.960526E-01
 1953.0834 -0.653763    
 1953.1666 -0.642757    
 1953.2500 -0.172487    
 1953.3334  -2.67853    
 1953.4166 -0.317270    
 1953.5000 -0.113993    
 1953.5834  -1.67935    
 1953.6666  -1.36729    
 1953.7500 -0.386755E-01
 1953.8334 -0.290159    
 1953.9166 -0.665821    
 1954.0000  0.545053    
 1954.0834 -0.454763    
 1954.1666 -0.163757    
 1954.2500  0.418513    
 1954.3334  0.184474    
 1954.4166 -0.341270    
 1954.5000  0.306007    
 1954.5834   1.11165    
 1954.6666  0.153711    
 1954.7500  0.229324    
 1954.8334  0.235841    
 1954.9166   1.26018    
 1955.0000 -0.704947    
 1955.0834   1.36824    
 1955.1666  0.271243    
 1955.2500 -0.805487    
 1955.3334  0.914474    
 1955.4166   1.77973    
 1955.5000   1.73901    
 1955.5834   1.59165    
 1955.6666   1.38071    
 1955.7500   1.65832    
 1955.8334   1.45584    
 1955.9166  0.854179    
 1956.0000   1.12905    
 1956.0834   1.16624    
 1956.1666   1.03624    
 1956.2500   1.07151    
 1956.3334   1.47947    
 1956.4166   1.41073    
 1956.5000   1.13101    
 1956.5834   1.26265    
 1956.6666  0.467105E-01
 1956.7500   2.06532    
 1956.8334  0.185841    
 1956.9166  0.934179    
 1957.0000  0.407053    
 1957.0834 -0.297763    
 1957.1666 -0.224757    
 1957.2500  0.595132E-01
 1957.3334  -1.14053    
 1957.4166 -0.213270    
 1957.5000  0.122007    
 1957.5834 -0.865349    
 1957.6666  -1.02029    
 1957.7500  0.573245E-01
 1957.8334  -1.15516    
 1957.9166 -0.492821    
 1958.0000  -1.91995    
 1958.0834 -0.712763    
 1958.1666 -0.171757    
 1958.2500  0.385132E-01
 1958.3334  -1.35253    
 1958.4166 -0.112270    
 1958.5000  0.174007    
 1958.5834  0.933651    
 1958.6666 -0.358289    
 1958.7500 -0.413676    
 1958.8334 -0.538159    
 1958.9166 -0.892821    
 1959.0000 -0.965947    
 1959.0834  -1.43376    
 1959.1666  0.917243    
 1959.2500  0.354513    
 1959.3334  0.177474    
 1959.4166 -0.801270    
 1959.5000 -0.520993    
 1959.5834 -0.464349    
 1959.6666 -0.192895E-01
 1959.7500  0.484325    
 1959.8334  0.975841    
 1959.9166  0.760179    
 1960.0000 -0.739474E-01
 1960.0834 -0.183763    
 1960.1666  0.617243    
 1960.2500  0.797513    
 1960.3334  0.341474    
 1960.4166 -0.317270    
 1960.5000  0.441007    
 1960.5834  0.738651    
 1960.6666  0.638710    
 1960.7500 -0.516755E-01
 1960.8334  0.678841    
 1960.9166  0.578179    
 1961.0000 -0.455947    
 1961.0834  0.648237    
 1961.1666  -2.32976    
 1961.2500   1.15651    
 1961.3334  0.218474    
 1961.4166 -0.373270    
 1961.5000  0.128007    
 1961.5834  0.506513E-01
 1961.6666  0.927105E-01
 1961.7500 -0.585676    
 1961.8334  0.753841    
 1961.9166   1.25518    
 1962.0000   1.68905    
 1962.0834 -0.350763    
 1962.1666 -0.178757    
 1962.2500  0.312513    
 1962.3334   1.14247    
 1962.4166  0.522730    
 1962.5000 -0.929934E-01
 1962.5834  0.470651    
 1962.6666  0.510710    
 1962.7500   1.09232    
 1962.8334  0.346841    
 1962.9166 -0.152821    
 1963.0000  0.772053    
 1963.0834  0.324237    
 1963.1666  0.803243    
 1963.2500  0.523513    
 1963.3334  0.177474    
 1963.4166  -1.14627    
 1963.5000 -0.187993    
 1963.5834 -0.219349    
 1963.6666 -0.611290    
 1963.7500  -1.31168    
 1963.8334 -0.856159    
 1963.9166  -1.40682    
 1964.0000 -0.551947    
 1964.0834 -0.657631E-01
 1964.1666  0.854243    
 1964.2500   1.78851    
 1964.3334  0.194737E-01
 1964.4166  0.870730    
 1964.5000  0.562007    
 1964.5834   1.53265    
 1964.6666   1.27271    
 1964.7500   1.40332    
 1964.8334  0.158411E-01
 1964.9166 -0.548821    
 1965.0000 -0.549947    
 1965.0834  0.722369E-01
 1965.1666  0.385243    
 1965.2500  -1.33249    
 1965.3334  0.447369E-02
 1965.4166  -1.47827    
 1965.5000  -2.37699    
 1965.5834  -1.15235    
 1965.6666  -1.42829    
 1965.7500  -1.07368    
 1965.8334  -1.78416    
 1965.9166 -0.328212E-01
 1966.0000  -1.38195    
 1966.0834 -0.472763    
 1966.1666  -1.60376    
 1966.2500 -0.889487    
 1966.3334 -0.676526    
 1966.4166  0.297730    
 1966.5000 -0.204993    
 1966.5834  0.401651    
 1966.6666 -0.253289    
 1966.7500 -0.180675    
 1966.8334 -0.128159    
 1966.9166 -0.661821    
 1967.0000   1.49705    
 1967.0834   1.26224    
 1967.1666  0.791243    
 1967.2500 -0.109487    
 1967.3334 -0.367526    
 1967.4166  0.826730    
 1967.5000  0.119007    
 1967.5834  0.651651    
 1967.6666  0.424711    
 1967.7500 -0.246755E-01
 1967.8334 -0.493159    
 1967.9166 -0.831821    
 1968.0000  0.446053    
 1968.0834  0.836237    
 1968.1666 -0.412757    
 1968.2500 -0.299487    
 1968.3334   1.25047    
 1968.4166   1.42673    
 1968.5000  0.711007    
 1968.5834  0.865129E-02
 1968.6666 -0.372289    
 1968.7500 -0.208675    
 1968.8334 -0.368159    
 1968.9166  0.711788E-01
 1969.0000  -1.38295    
 1969.0834 -0.789763    
 1969.1666  0.117243    
 1969.2500 -0.889487    
 1969.3334 -0.738526    
 1969.4166 -0.852697E-01
 1969.5000 -0.782993    
 1969.5834 -0.494349    
 1969.6666  -1.11429    
 1969.7500  -1.21068    
 1969.8334 -0.103159    
 1969.9166  0.188179    
 1970.0000  -1.28295    
 1970.0834  -1.15576    
 1970.1666  0.201243    
 1970.2500 -0.552487    
 1970.3334  0.764737E-01
 1970.4166   1.17073    
 1970.5000 -0.575993    
 1970.5834  0.517651    
 1970.6666   1.16271    
 1970.7500  0.885324    
 1970.8334   1.92384    
 1970.9166   1.77718    
 1971.0000  0.206053    
 1971.0834   1.50524    
 1971.1666   2.11924    
 1971.2500   2.59051    
 1971.3334  0.920474    
 1971.4166  0.365730    
 1971.5000  0.111007    
 1971.5834   1.63365    
 1971.6666   1.49771    
 1971.7500   1.89632    
 1971.8334  0.628841    
 1971.9166  0.901788E-01
 1972.0000  0.302053    
 1972.0834  0.736237    
 1972.1666  0.271243    
 1972.2500 -0.446487    
 1972.3334  -1.48353    
 1972.4166  -1.52927    
 1972.5000  -1.89999    
 1972.5834 -0.902349    
 1972.6666  -1.49129    
 1972.7500 -0.989675    
 1972.8334 -0.310159    
 1972.9166  -1.52482    
 1973.0000 -0.455947    
 1973.0834  -1.40276    
 1973.1666  0.792434E-01
 1973.2500 -0.362487    
 1973.3334  0.290474    
 1973.4166   1.37573    
 1973.5000  0.570007    
 1973.5834   1.39165    
 1973.6666   1.25671    
 1973.7500  0.994325    
 1973.8334   2.92084    
 1973.9166   1.70718    
 1974.0000   2.13605    
 1974.0834   1.55024    
 1974.1666   2.24824    
 1974.2500   1.28251    
 1974.3334   1.27647    
 1974.4166  0.294730    
 1974.5000   1.17301    
 1974.5834  0.767651    
 1974.6666   1.14871    
 1974.7500  0.867324    
 1974.8334 -0.349159    
 1974.9166 -0.198821    
 1975.0000 -0.651947    
 1975.0834  0.522237    
 1975.1666   1.27824    
 1975.2500   1.49351    
 1975.3334  0.548474    
 1975.4166   1.83873    
 1975.5000   2.07301    
 1975.5834   2.24265    
 1975.6666   2.13671    
 1975.7500   1.81432    
 1975.8334   1.31984    
 1975.9166   1.99918    
 1976.0000   1.16005    
 1976.0834   1.24824    
 1976.1666   1.47724    
 1976.2500  0.249513    
 1976.3334  0.539474    
 1976.4166 -0.526972E-02
 1976.5000  -1.29399    
 1976.5834  -1.24635    
 1976.6666  -1.30629    
 1976.7500  0.274324    
 1976.8334  0.834841    
 1976.9166 -0.534821    
 1977.0000 -0.419947    
 1977.0834  0.710237    
 1977.1666  -1.05876    
 1977.2500  -1.16349    
 1977.3334  -1.14653    
 1977.4166  -2.17327    
 1977.5000  -1.50899    
 1977.5834  -1.20935    
 1977.6666 -0.960289    
 1977.7500  -1.24168    
 1977.8334  -1.48216    
 1977.9166  -1.28282    
 1978.0000 -0.506947    
 1978.0834  -2.56876    
 1978.1666 -0.674757    
 1978.2500 -0.868487    
 1978.3334   1.53647    
 1978.4166  0.555730    
 1978.5000  0.473007    
 1978.5834  0.332651    
 1978.6666  0.437105E-01
 1978.7500 -0.615676    
 1978.8334 -0.207159    
 1978.9166 -0.264821    
 1979.0000 -0.478947    
 1979.0834  0.671237    
 1979.1666 -0.344757    
 1979.2500 -0.636487    
 1979.3334  0.497474    
 1979.4166  0.733730    
 1979.5000 -0.819993    
 1979.5834 -0.479349    
 1979.6666  0.987105E-01
 1979.7500 -0.222676    
 1979.8334 -0.538159    
 1979.9166 -0.950821    
 1980.0000  0.248053    
 1980.0834  0.462369E-01
 1980.1666 -0.921757    
 1980.2500  -1.58549    
 1980.3334 -0.310526    
 1980.4166 -0.525270    
 1980.5000 -0.199993    
 1980.5834  0.156651    
 1980.6666 -0.552289    
 1980.7500 -0.192676    
 1980.8334 -0.398159    
 1980.9166 -0.263821    
 1981.0000  0.245053    
 1981.0834 -0.405763    
 1981.1666  -1.86576    
 1981.2500 -0.594487    
 1981.3334  0.855474    
 1981.4166   1.43473    
 1981.5000  0.817007    
 1981.5834  0.616651    
 1981.6666  0.505710    
 1981.7500 -0.560676    
 1981.8334  0.148841    
 1981.9166  0.350179    
 1982.0000  0.840053    
 1982.0834  0.292369E-01
 1982.1666  0.195243    
 1982.2500 -0.446487    
 1982.3334 -0.696526    
 1982.4166  -2.33427    
 1982.5000  -1.94599    
 1982.5834  -2.44935    
 1982.6666  -2.13629    
 1982.7500  -2.05968    
 1982.8334  -3.17416    
 1982.9166  -2.53082    
 1983.0000  -3.38895    
 1983.0834  -3.39976    
 1983.1666  -3.11176    
 1983.2500  -1.39549    
 1983.3334  0.825474    
 1983.4166 -0.430270    
 1983.5000 -0.759993    
 1983.5834 -0.152349    
 1983.6666  0.898710    
 1983.7500  0.484325    
 1983.8334 -0.411589E-01
 1983.9166 -0.221821    
 1984.0000 -0.599474E-01
 1984.0834  0.497237    
 1984.1666 -0.703757    
 1984.2500  0.396513    
 1984.3334  0.447369E-02
 1984.4166  -1.06527    
 1984.5000  0.650066E-01
 1984.5834  0.310651    
 1984.6666  0.156711    
 1984.7500 -0.462676    
 1984.8334  0.190841    
 1984.9166 -0.293821    
 1985.0000 -0.574947    
 1985.0834  0.850237    
 1985.1666  0.343243    
 1985.2500   1.43051    
 1985.3334 -0.107526    
 1985.4166  -1.24127    
 1985.5000 -0.253993    
 1985.5834  0.874651    
 1985.6666 -0.122895E-01
 1985.7500 -0.615676    
 1985.8334 -0.274159    
 1985.9166  0.691788E-01
 1986.0000  0.797053    
 1986.0834  -1.21976    
 1986.1666  0.582434E-01
 1986.2500  0.122513    
 1986.3334 -0.596526    
 1986.4166   1.16773    
 1986.5000  0.185007    
 1986.5834 -0.640349    
 1986.6666 -0.543289    
 1986.7500  0.679325    
 1986.8334  -1.49916    
 1986.9166  -1.69482    
 1987.0000 -0.781947    
 1987.0834  -1.34576    
 1987.1666  -1.88276    
 1987.2500  -2.68249    
 1987.3334  -2.07753    
 1987.4166  -2.53327    
 1987.5000  -1.87199    
 1987.5834  -1.45435    
 1987.6666  -1.14229    
 1987.7500 -0.546676    
 1987.8334 -0.158906E-03
 1987.9166 -0.718821    
 1988.0000 -0.339947    
 1988.0834 -0.581763    
 1988.1666  0.269243    
 1988.2500 -0.254868E-01
 1988.3334   1.12647    
 1988.4166 -0.462697E-01
 1988.5000   1.11001    
 1988.5834   1.57465    
 1988.6666   1.90471    
 1988.7500   1.49032    
 1988.8334   1.99384    
 1988.9166   1.03418    
 1989.0000   1.28705    
 1989.0834  0.865237    
 1989.1666  0.732243    
 1989.2500   2.18951    
 1989.3334   1.48547    
 1989.4166  0.965730    
 1989.5000  0.892007    
 1989.5834 -0.608349    
 1989.6666  0.502711    
 1989.7500  0.754324    
 1989.8334 -0.307159    
 1989.9166 -0.673821    
 1990.0000 -0.240947    
 1990.0834  -1.72176    
 1990.1666 -0.944757    
 1990.2500 -0.348685E-02
 1990.3334   1.44947    
 1990.4166  0.867303E-01
 1990.5000  0.516007    
 1990.5834 -0.494349    
 1990.6666 -0.793289    
 1990.7500 -0.266755E-01
 1990.8334 -0.609159    
 1990.9166 -0.436821    
 1991.0000  0.418053    
 1991.0834  0.623685E-02
 1991.1666  -1.20676    
 1991.2500  -1.54349    
 1991.3334  -1.70553    
 1991.4166 -0.638270    
 1991.5000 -0.127993    
 1991.5834 -0.853349    
 1991.6666  -1.65729    
 1991.7500  -1.40568    
 1991.8334 -0.695159    
 1991.9166  -2.07282    
 1992.0000  -2.87595    
 1992.0834 -0.982763    
 1992.1666  -2.70576    
 1992.2500  -2.04949    
 1992.3334  0.974737E-01
 1992.4166  -1.66927    
 1992.5000 -0.684993    
 1992.5834  0.201651    
 1992.6666  0.497105E-01
 1992.7500  -1.88568    
 1992.8334 -0.770159    
 1992.9166 -0.768821    
 1993.0000 -0.957947    
 1993.0834 -0.894763    
 1993.1666 -0.982757    
 1993.2500  -2.28149    
 1993.3334 -0.554526    
 1993.4166  -2.02227    
 1993.5000  -1.11599    
 1993.5834  -1.51335    
 1993.6666 -0.794289    
 1993.7500  -1.42368    
 1993.8334 -0.581589E-01
 1993.9166  0.201788E-01
 1994.0000 -0.277947    
 1994.0834  0.623685E-02
 1994.1666  -1.20476    
 1994.2500  -2.61949    
 1994.3334  -1.22553    
 1994.4166  -1.30927    
 1994.5000  -1.75899    
 1994.5834  -1.82035    
 1994.6666  -1.71829    
 1994.7500  -1.43768    
 1994.8334 -0.732159    
 1994.9166  -1.46582    
 1995.0000 -0.535947    
 1995.0834 -0.281763    
 1995.1666  0.379243    
 1995.2500  -1.71249    
 1995.3334 -0.875526    
 1995.4166 -0.154270    
 1995.5000  0.381007    
 1995.5834  0.107651    
 1995.6666  0.266711    
 1995.7500 -0.190676    
 1995.8334  0.578411E-01
 1995.9166 -0.770821    
 1996.0000  0.789053    
 1996.0834  0.412369E-01
 1996.1666  0.670243    
 1996.2500  0.924513    
 1996.3334  0.503474    
 1996.4166   1.74973    
 1996.5000  0.639007    
 1996.5834  0.537651    
 1996.6666  0.641711    
 1996.7500  0.402324    
 1996.8334 -0.133159    
 1996.9166  0.653179    
 1997.0000  0.266053    
 1997.0834   1.27024    
 1997.1666 -0.951757    
 1997.2500  -1.54349    
 1997.3334  -2.36953    
 1997.4166  -2.86227    
 1997.5000 -0.960993    
 1997.5834  -2.09335    
 1997.6666  -1.56629    
 1997.7500  -1.54068    
 1997.8334  -1.23716    
 1997.9166  -1.17682    
 1998.0000  -2.55395    
 1998.0834  -1.91176    
 1998.1666  -3.16876    
 1998.2500  -2.78749    
 1998.3334  0.211474    
 1998.4166   1.20673    
 1998.5000   1.43201    
 1998.5834   1.03765    
 1998.6666   1.02171    
 1998.7500   1.14932    
 1998.8334   1.07884    
 1998.9166   1.26718    
 1999.0000   1.55605    
 1999.0834  0.638237    
 1999.1666  0.928243    
 1999.2500   2.10551    
 1999.3334  0.474474    
 1999.4166  0.157730    
 1999.5000  0.461007    
 1999.5834  0.183651    
 1999.6666 -0.862895E-01
 1999.7500   1.09032    
 1999.8334   1.29484    
 1999.9166   1.31518    
 2000.0000  0.444053    
 2000.0834   1.29924    
 2000.1666   1.02524    
 2000.2500   1.76751    
 2000.3334  0.453474    
 2000.4166 -0.718270    
 2000.5000 -0.400993    
 2000.5834  0.696651    
 2000.6666  0.958710    
 2000.7500   1.01032    
 2000.8334   2.09284    
 2000.9166  0.719179    
 2001.0000  0.753053    
 2001.0834   1.06524    
 2001.1666  0.603243    
 2001.2500 -0.172487    
 2001.3334 -0.797526    
 2001.4166 -0.412697E-01
 2001.5000 -0.325993    
 2001.5834 -0.801349    
 2001.6666  0.977105E-01
 2001.7500 -0.231675    
 2001.8334  0.711841    
 2001.9166  -1.10982    
 2002.0000  0.175053    
 2002.0834  0.707237    
 2002.1666 -0.663757    
 2002.2500 -0.467487    
 2002.3334  -1.50453    
 2002.4166 -0.869270    
 2002.5000 -0.751993    
 2002.5834  -1.40935    
 2002.6666 -0.672289    
 2002.7500 -0.642676    
 2002.8334 -0.521159    
 2002.9166  -1.35082    
 2003.0000 -0.331947    
 2003.0834 -0.835763    
 2003.1666 -0.771757    
 2003.2500 -0.467487    
 2003.3334 -0.810526    
 2003.4166  -1.59727    
 2003.5000  0.202007    
 2003.5834 -0.135349    
 2003.6666 -0.197289    
 2003.7500 -0.120675    
 2003.8334 -0.244159    
 2003.9166  0.869179    
 2004.0000  -1.33395    
 2004.0834  0.837237    
 2004.1666  0.352434E-01
 2004.2500  -1.90249    
 2004.3334   1.25547    
 2004.4166  -1.75427    
 2004.5000 -0.770993    
 2004.5834 -0.687349    
 2004.6666 -0.328289    
 2004.7500 -0.278675    
 2004.8334 -0.981159    
 2004.9166 -0.992821    
 2005.0000  0.178053    
 2005.0834  -2.92676    
 2005.1666 -0.121757    
 2005.2500  -1.20649    
 2005.3334  -1.41953    
 2005.4166  0.258730    
 2005.5000  0.100658E-02
 2005.5834 -0.759349    
 2005.6666  0.324711    
 2005.7500   1.26132    
 2005.8334 -0.344159    
 2005.9166 -0.428212E-01
 2006.0000   1.26705    
 2006.0834 -0.517631E-01
 2006.1666   1.46224    
 2006.2500   1.17751    
 2006.3334 -0.918526    
 2006.4166 -0.822270    
 2006.5000 -0.954993    
 2006.5834  -1.54135    
 2006.6666 -0.618289    
 2006.7500  -1.37068    
 2006.8334  0.124841    
 2006.9166 -0.448821    
 2007.0000 -0.855947    
 2007.0834 -0.314763    
 2007.1666 -0.161757    
 2007.2500 -0.341487    
 2007.3334 -0.260526    
 2007.4166  0.291730    
 2007.5000 -0.498993    
 2007.5834  0.220651    
 2007.6666  0.102711    
 2007.7500  0.584324    
 2007.8334  0.892841    
 2007.9166   1.43318    
 2008.0000   1.50805    
 2008.0834   2.11124    
 2008.1666   1.18324    
 2008.2500  0.565513    
 2008.3334 -0.211526    
 2008.4166  0.493730    
 2008.5000  0.139007    
 2008.5834  0.849651    
 2008.6666   1.24971    
 2008.7500   1.66632    
 2008.8334   1.71684    
 2008.9166   1.37218    
 2009.0000  0.820053    
 2009.0834   1.43824    
 2009.1666 -0.647566E-01
 2009.2500   1.07151    
 2009.3334 -0.823526    
 2009.4166 -0.293270    
 2009.5000  0.128007    
 2009.5834 -0.377349    
 2009.6666  0.336711    
 2009.7500  -1.51968    
 2009.8334 -0.601159    
 2009.9166  -1.00182    
 2010.0000  -1.15295    
 2010.0834  -1.52576    
 2010.1666  -1.25576    
 2010.2500   1.89451    
 2010.3334  0.891474    
 2010.4166  0.389730    
 2010.5000   1.89701    
 2010.5834   1.98265    
 2010.6666   2.42171    
 2010.7500   1.94032    
 2010.8334   1.69684    
 2010.9166   2.84918    
 2011.0000   1.97805    
 2011.0834   2.17924    
 2011.1666   2.22924    
 2011.2500   3.03351    
 2011.3334  0.503474    
 2011.4166  0.113730    
 2011.5000   1.05501    
 2011.5834  0.277651    
 2011.6666   1.12271    
 2011.7500   1.04932    
 2011.8334   1.48584    
 2011.9166   2.39918    
 2012.0000  0.869053    
 2012.0834  0.282237    
 2012.1666  0.339243    
 2012.2500 -0.636487    
 2012.3334 -0.346526    
 2012.4166  -1.35327    
 2012.5000 -0.207993    
 2012.5834 -0.531349    
 2012.6666  0.205711    
 2012.7500  0.314324    
 2012.8334  0.401841    
 2012.9166 -0.829821    
 2013.0000 -0.130947    
 2013.0834 -0.409763    
 2013.1666   1.20724    
 2013.2500  0.175132E-01
 2013.3334  0.941474    
 2013.4166   1.60673    
 2013.5000  0.708007    
 2013.5834 -0.143487E-01
 2013.6666  0.390711    
 2013.7500 -0.192676    
 2013.8334  0.822841    
 2013.9166 -0.100821    
 2014.0000   1.16005    
 2014.0834 -0.261763    
 2014.1666  -1.55476    
 2014.2500  0.818513    
 2014.3334  0.761474    
 2014.4166 -0.305270    
 2014.5000 -0.311993    
 2014.5834  -1.21135    
 2014.6666 -0.672289    
 2014.7500 -0.717676    
 2014.8334 -0.886159    
 2014.9166 -0.713821    
 2015.0000 -0.892947    
 2015.0834  0.212369E-01
 2015.1666  -1.25276    
 2015.2500 -0.257487    
 2015.3334  -1.00553    
 2015.4166  -1.56127    
 2015.5000  -1.46999    
 2015.5834  -1.93435    
 2015.6666  -1.66429    
 2015.7500  -1.76768    
 2015.8334 -0.559159    
 2015.9166  -1.05182    
 2016.0000  -2.14895    
 2016.0834  -2.03076    
 2016.1666 -0.611757    
 2016.2500  -2.59849    
 2016.3334  0.254474    
 2016.4166  0.594730    
 2016.5000  0.392007    
 2016.5834  0.616651    
 2016.6666   1.26371    
 2016.7500 -0.515676    
 2016.8334 -0.153159    
 2016.9166  0.135179    
 2017.0000  0.500526E-01
 2017.0834 -0.264763    
 2017.1666  0.552243    
 2017.2500 -0.742487    
 2017.3334  0.268474    
 2017.4166  -1.23827    
 2017.5000  0.791007    
 2017.5834  0.379651    
 2017.6666  0.607710    

