# sst [degree_C]
# series: averaged file ./data/iersst_nino4a.dat
#year     Jan     Feb     Mar     Apr     May     Jun     Jul     Aug     Sep     Oct     Nov     Dec     DJF     MAM     JJA     SON Oct-Mar Apr-Sep Jan-Dec Jul-Jun; repeated with 10-yr running average
#                                                                                                     (the year is the year of the last month)
 1854 -0.535719     -0.322552     -0.100147     -0.215149E-01  0.113754     -0.138184     -0.812263E-01 -0.547831     -0.369595     -0.699936     -0.600809     -0.776150      -999.900     -0.263597E-02 -0.255747     -0.556780      -999.900     -0.174100     -0.339993      -999.900      -999.900      -999.900      -999.900      -999.900      -999.900      -999.900      -999.900      -999.900      -999.900      -999.900      -999.900      -999.900      -999.900      -999.900      -999.900      -999.900      -999.900      -999.900      -999.900      -999.900    
 1855 -0.363749      0.475674E-01 -0.104786     -0.224285     -0.373796     -0.773483      -1.40721     -0.271690       1.30087      0.863733      0.346470      0.498331     -0.364111     -0.234289     -0.817461      0.837024     -0.416310     -0.291599     -0.385023E-01 -0.405673      -999.900      -999.900      -999.900      -999.900      -999.900      -999.900      -999.900      -999.900      -999.900      -999.900      -999.900      -999.900      -999.900      -999.900      -999.900      -999.900      -999.900      -999.900      -999.900      -999.900    
 1856  0.463911      0.573673E-01 -0.930271E-01 -0.535385     -0.491497      0.136206     -0.459467      -1.04638      -1.48639      -1.67325      -1.78623      -2.29745      0.339870     -0.373303     -0.456547      -1.64862      0.356131     -0.647152     -0.767633      0.723399E-01  -999.900      -999.900      -999.900      -999.900      -999.900      -999.900      -999.900      -999.900      -999.900      -999.900      -999.900      -999.900      -999.900      -999.900      -999.900      -999.900      -999.900      -999.900      -999.900      -999.900    
 1857  -1.76955      -1.54477      -1.51112      -1.17585     -0.589987     -0.385183     -0.390818     -0.602350     -0.357845     -0.468477     -0.341370     -0.312790      -1.87059      -1.09232     -0.459450     -0.389231      -1.76373     -0.583672     -0.787509      -1.31047     -0.592511     -0.545298     -0.466560     -0.497807     -0.400276     -0.381691     -0.458198     -0.477128     -0.378820     -0.575719     -0.595641     -0.664968      -999.900     -0.454881     -0.439006     -0.516727      -999.900     -0.432320     -0.502885      -999.900    
 1858 -0.307310     -0.295372     -0.375036     -0.401604     -0.311457     -0.361034     -0.261856     -0.159382     -0.312075     -0.537777     -0.657070     -0.256340     -0.305157     -0.362699     -0.260757     -0.502307     -0.350059     -0.301235     -0.353026     -0.377122     -0.596819     -0.557480     -0.492325     -0.523668     -0.442350     -0.441570     -0.491246     -0.500217     -0.395166     -0.587065     -0.596927     -0.661293     -0.618031     -0.486114     -0.477677     -0.526386     -0.593986     -0.465703     -0.523844     -0.537154    
 1859  0.205040E-02  0.511780E-01  0.239744      0.114786      0.144674     -0.283146E-01  0.572834E-01  0.197086E-01 -0.255644     -0.235136     -0.319099E-01 -0.271311     -0.677039E-01  0.166401      0.162258E-01 -0.174230     -0.193036      0.874890E-02 -0.160743E-01 -0.138365     -0.601661     -0.571128     -0.519349     -0.554666     -0.484802     -0.471963     -0.518503     -0.507421     -0.414407     -0.579609     -0.589086     -0.643868     -0.616879     -0.519605     -0.499295     -0.527701     -0.596007     -0.491960     -0.538038     -0.545936    
 1860 -0.448189     -0.626152     -0.531187     -0.628975     -0.599997     -0.364883     -0.413046     -0.485151     -0.695494      -1.02814      -1.03993      -1.33099     -0.448551     -0.586720     -0.421027     -0.921188     -0.357314     -0.531258     -0.682678     -0.326366     -0.606308     -0.601544     -0.555316     -0.589970     -0.519451     -0.475720     -0.494691     -0.520804     -0.514852     -0.642187     -0.628380     -0.676699     -0.617240     -0.554912     -0.497072     -0.595140     -0.595955     -0.519248     -0.568827     -0.550100    
 1861  -1.78247      -1.66414      -1.09668     -0.945644     -0.836287     -0.725285     -0.482327     -0.581001     -0.807175     -0.723476     -0.608290     -0.582800      -1.59253     -0.959537     -0.596204     -0.712980      -1.32372     -0.729620     -0.902965      -1.00360     -0.658737     -0.647677     -0.591534     -0.598235     -0.523044     -0.492277     -0.452338     -0.507113     -0.556674     -0.656266     -0.609696     -0.632787     -0.661038     -0.570938     -0.483909     -0.607545     -0.640869     -0.521614     -0.577198     -0.582426    
 1862 -0.590639     -0.676323     -0.787037     -0.825775     -0.915506      -1.20842     -0.912027     -0.763031     -0.473244     -0.782307     -0.687620     -0.645460     -0.616587     -0.842773     -0.961159     -0.647724     -0.661427     -0.849667     -0.772282     -0.732397     -0.645526     -0.621824     -0.564618     -0.564559     -0.520291     -0.535925     -0.467016     -0.481921     -0.521001     -0.609707     -0.560115     -0.549297     -0.633379     -0.549823     -0.494954     -0.563608     -0.621786     -0.515119     -0.553483     -0.572301    
 1863 -0.676239     -0.645721     -0.635626     -0.661205     -0.684446     -0.692663     -0.632277     -0.629902     -0.594965     -0.584696     -0.528099     -0.614651     -0.655807     -0.660426     -0.651614     -0.569253     -0.678829     -0.649243     -0.631707     -0.688299     -0.591440     -0.579584     -0.525046     -0.546102     -0.533494     -0.558891     -0.496370     -0.506531     -0.552345     -0.623788     -0.569182     -0.577206     -0.573440     -0.534881     -0.520597     -0.581772     -0.569198     -0.532289     -0.554998     -0.543635    
 1864 -0.553129     -0.507282     -0.497316     -0.503925     -0.493187     -0.494953     -0.485336     -0.562231     -0.554625     -0.553186     -0.512810     -0.474279     -0.558354     -0.498143     -0.514173     -0.540207     -0.547529     -0.515710     -0.516022     -0.552865     -0.630932     -0.621529     -0.571998     -0.586502     -0.570506     -0.588893     -0.550074     -0.592575     -0.623400     -0.674920     -0.582994     -0.621642     -0.609889     -0.576336     -0.577181     -0.627105     -0.599106     -0.585325     -0.601330     -0.574648    
 1865 -0.439289     -0.376013     -0.426956     -0.447964     -0.459837     -0.491863     -0.526876     -0.524952     -0.523005     -0.534586     -0.527409     -0.460171     -0.429860     -0.444919     -0.514564     -0.528333     -0.463755     -0.495749     -0.478243     -0.482032     -0.682058     -0.719259     -0.676558     -0.673102     -0.640040     -0.657511     -0.629301     -0.686812     -0.697204     -0.727853     -0.597383     -0.629479     -0.674319     -0.663233     -0.657875     -0.674146     -0.659572     -0.663995     -0.668047     -0.641178    
 1866 -0.509119     -0.441711     -0.495216     -0.477005     -0.477327     -0.476553     -0.492727     -0.519291     -0.498955     -0.556498     -0.538679     -0.460711     -0.470334     -0.483183     -0.496190     -0.531377     -0.494702     -0.490310     -0.495316     -0.497828     -0.653697     -0.740993     -0.714306     -0.699723     -0.667451     -0.691552     -0.664845     -0.703693     -0.689161     -0.721165     -0.589522     -0.607423     -0.674723     -0.693827     -0.686697     -0.666616     -0.677285     -0.686071     -0.678628     -0.677980    
 1867 -0.532309     -0.528631     -0.570627     -0.560705     -0.549097     -0.645374     -0.651117     -0.625601     -0.631805     -0.654057     -0.597300     -0.479731     -0.507217     -0.560143     -0.640697     -0.627721     -0.531242     -0.610617     -0.585530     -0.537800     -0.604226     -0.691101     -0.678640     -0.661116     -0.633490     -0.651857     -0.622982     -0.693182     -0.671822     -0.722699     -0.602182     -0.624537     -0.634250     -0.657749     -0.656007     -0.665568     -0.648679     -0.655742     -0.654820     -0.658020    
 1868 -0.462820     -0.466722     -0.524086     -0.647604     -0.616407     -0.560173     -0.588636     -0.628330     -0.665005     -0.633816     -0.582470     -0.647570     -0.469758     -0.596032     -0.592380     -0.627097     -0.530786     -0.617692     -0.585303     -0.576452     -0.626080     -0.717718     -0.692746     -0.664801     -0.625441     -0.624438     -0.576202     -0.676679     -0.674176     -0.741961     -0.616271     -0.634140     -0.656112     -0.660996     -0.625773     -0.677469     -0.664327     -0.640289     -0.655888     -0.657386    
 1869 -0.632278     -0.616371     -0.550247     -0.447226     -0.290617     -0.429214     -0.690027      -1.23222      -1.32380      -1.16175     -0.382750     -0.768801     -0.632073     -0.429363     -0.783820     -0.956100     -0.610459     -0.735517     -0.710442     -0.559315     -0.656133     -0.769244     -0.739687     -0.690104     -0.648656     -0.628876     -0.572498     -0.654368     -0.668157     -0.750446     -0.627668     -0.634564     -0.686506     -0.692815     -0.618581     -0.682091     -0.692906     -0.643777     -0.670033     -0.671011    
 1870 -0.836380      -1.91320      -1.83239      -1.79897      -1.55538      -1.33634      -1.25028      -1.11797      -1.10342      -1.16017     -0.976870     -0.990240      -1.17279      -1.72891      -1.23486      -1.08015      -1.14921      -1.36039      -1.32263      -1.23600     -0.669197     -0.796519     -0.768706     -0.715906     -0.674418     -0.645603     -0.587395     -0.663682     -0.684349     -0.770646     -0.651652     -0.658090     -0.700093     -0.719676     -0.632227     -0.702216     -0.707850     -0.661892     -0.690513     -0.681504    
 1871 -0.827068     -0.811771     -0.550447     -0.308054     -0.429127     -0.434654     -0.355967     -0.285810     -0.238405     -0.457687     -0.514130     -0.482439     -0.876360     -0.429209     -0.358810     -0.403407     -0.886094     -0.342003     -0.474630     -0.830006     -0.679005     -0.823874     -0.787599     -0.750238     -0.702838     -0.654962     -0.580792     -0.664432     -0.693069     -0.767102     -0.638135     -0.644293     -0.720323     -0.746892     -0.633396     -0.699436     -0.728478     -0.674389     -0.698862     -0.701194    
 1872 -0.556620     -0.530851     -0.619947     -0.691235     -0.643446     -0.705143     -0.201126     -0.847992     -0.695225      -1.07879      -1.03498      -1.08809     -0.523303     -0.651543     -0.584754     -0.936332     -0.526946     -0.630695     -0.724454     -0.506807     -0.654743     -0.815430     -0.766350     -0.739825     -0.700856     -0.624799     -0.521463     -0.589364     -0.620645     -0.676743     -0.536107     -0.546607     -0.704822     -0.735677     -0.578542     -0.611165     -0.714342     -0.632825     -0.649411     -0.690819    
 1873  -1.14734      -1.32354      -1.08482     -0.869434     -0.795527     -0.647554     -0.407578     -0.214882     -0.420065     -0.673437     -0.462530     -0.364090      -1.18632     -0.916594     -0.423338     -0.518677      -1.12626     -0.559173     -0.700900     -0.901202     -0.555729     -0.713155     -0.683618     -0.649877     -0.624894     -0.578922     -0.477131     -0.523343     -0.559316     -0.620241     -0.482161     -0.487778     -0.605163     -0.652796     -0.526465     -0.553906     -0.618660     -0.568914     -0.579680     -0.608094    
 1874 -0.683088     -0.859982     -0.986946     -0.801754     -0.846397     -0.628834     -0.635956     -0.531031     -0.609154     -0.634157     -0.806320     -0.733311     -0.635720     -0.878366     -0.598607     -0.683210     -0.671679     -0.675521     -0.729744     -0.612465     -0.497953     -0.631340     -0.653901     -0.617929     -0.602706     -0.591720     -0.495856     -0.516079     -0.552265     -0.635567     -0.544796     -0.514063     -0.539024     -0.624845     -0.534552     -0.577543     -0.562229     -0.562759     -0.571181     -0.562127    
 1875 -0.570610     -0.568802     -0.517706     -0.666174     -0.621876     -0.692514     -0.674187     -0.742441     -0.792305     -0.857607     -0.713579     -0.671659     -0.624241     -0.601919     -0.703047     -0.787830     -0.638484     -0.698250     -0.674122     -0.632301     -0.528480     -0.572722     -0.604970     -0.585220     -0.573728     -0.571468     -0.466044     -0.473900     -0.502505     -0.593750     -0.545833     -0.487027     -0.538422     -0.587972     -0.503804     -0.547363     -0.566766     -0.528811     -0.542137     -0.557935    
 1876 -0.573950     -0.796032     -0.782337     -0.945444     -0.883677     -0.463093     -0.213367     -0.316801     -0.404064     -0.162598     -0.821686E-01  0.267200E-01 -0.680547     -0.870486     -0.331087     -0.216277     -0.732527     -0.537741     -0.466401     -0.741359     -0.507888     -0.473193     -0.480920     -0.489166     -0.470822     -0.496682     -0.401919     -0.427375     -0.463256     -0.540285     -0.492137     -0.396829     -0.489370     -0.480303     -0.441992     -0.498559     -0.514769     -0.458203     -0.470039     -0.498978    
 1877  0.177517E-01 -0.543213E-02  0.141483      0.115995     -0.103117     -0.555744E-01  0.256104      0.673279      0.721785      0.759224      0.986752      0.986549      0.130132E-01  0.514537E-01  0.291270      0.822587     -0.107073E-01  0.268079      0.374567     -0.867644E-01 -0.402405     -0.367260     -0.351268     -0.386418     -0.379062     -0.444005     -0.387395     -0.387145     -0.454191     -0.499650     -0.435812     -0.301117     -0.388831     -0.372249     -0.406182     -0.463218     -0.425031     -0.406369     -0.399644     -0.421018    
 1878  0.967411       1.05559      0.418444      0.474646      0.456854     -0.232433     -0.609207     -0.606802     -0.792004     -0.917067      -1.08760     -0.937269       1.00318      0.449981     -0.482814     -0.932224      0.862328     -0.218158     -0.150786      0.627017     -0.282940     -0.243179     -0.221168     -0.272379     -0.292042     -0.397252     -0.364080     -0.365084     -0.441913     -0.448942     -0.384271     -0.247627     -0.275746     -0.261863     -0.375472     -0.425042     -0.330644     -0.355458     -0.330073     -0.347856    
 1879 -0.907000     -0.502392     -0.898447     -0.930504     -0.920116      -1.01290      -1.04396      -1.10846      -1.05578      -1.18502      -1.13031      -1.00480     -0.782220     -0.916356      -1.05511      -1.12370     -0.874963      -1.01195     -0.974974     -0.843442     -0.181832     -0.115922     -0.104655     -0.189863     -0.202847     -0.356239     -0.308280     -0.366068     -0.402326     -0.391167     -0.339375     -0.209255     -0.181793     -0.165788     -0.343529     -0.377622     -0.247208     -0.304271     -0.263986     -0.283606    
 1880  -1.17219     -0.854822     -0.505566     -0.661505     -0.346317     -0.347624     -0.300106     -0.398151     -0.376244     -0.300547     -0.250069     -0.213530      -1.01060     -0.504463     -0.348627     -0.308953     -0.975451     -0.404991     -0.477223     -0.868029     -0.105830     -0.289179E-01 -0.112445E-01 -0.129084     -0.132088     -0.335402     -0.259759     -0.322432     -0.319799     -0.291674     -0.260010     -0.138753     -0.114668     -0.908057E-01 -0.305864     -0.290494     -0.180965     -0.249761     -0.194583     -0.229920    
 1881 -0.794296E-01  0.120438      0.603724      0.475555      0.419924      0.723572E-01 -0.236568E-01 -0.751305E-01 -0.180595     -0.248007     -0.167009      0.544821     -0.575072E-01  0.499734     -0.881003E-02 -0.198537     -0.199023E-01  0.114742      0.121916     -0.188399E-01 -0.555274E-01  0.306141E-01  0.566650E-01 -0.587845E-01 -0.113561     -0.384583     -0.294979     -0.327694     -0.299675     -0.287708     -0.291529     -0.212575     -0.545556E-01 -0.385601E-01 -0.335752     -0.292971     -0.109781     -0.246546     -0.186611     -0.176467    
 1882  0.805410      0.655598      0.818933      0.580116      0.342703     -0.158623     -0.242956     -0.254070     -0.571735     -0.475786     -0.255589     -0.201120      0.668610      0.580584     -0.218550     -0.434370      0.401624     -0.507608E-01  0.869068E-01  0.241213     -0.149507     -0.392113E-01 -0.125672E-01 -0.106998     -0.191154     -0.495080     -0.411568     -0.446414     -0.401802     -0.405682     -0.409415     -0.364130     -0.133765     -0.103573     -0.451021     -0.405633     -0.165516     -0.342169     -0.286127     -0.225723    
 1883 -0.120070     -0.283718E-01  0.782928E-01  0.139986     -0.412674E-01 -0.259014      0.100563     -0.367580     -0.298004     -0.262266     -0.211100     -0.181250     -0.116521      0.590038E-01 -0.175344     -0.257123     -0.167107     -0.120886     -0.120840     -0.185975     -0.302843     -0.176390     -0.117393     -0.207692     -0.286939     -0.548499     -0.446969     -0.500911     -0.398172     -0.373243     -0.375368     -0.327086     -0.281121     -0.204008     -0.498793     -0.382261     -0.295976     -0.398197     -0.338459     -0.339897    
 1884  0.311811      0.389997      0.180214     -0.160845      0.183233     -0.197113     -0.281067E-01 -0.398010      0.605259E-01  0.110174     -0.159830     -0.148710      0.173519      0.675340E-01 -0.207743      0.362330E-02  0.379010E-01 -0.900526E-01  0.119450E-01 -0.426950E-01 -0.248469     -0.132937     -0.429548E-01 -0.151633     -0.253965     -0.522252     -0.399585     -0.494852     -0.341166     -0.309153     -0.324184     -0.285185     -0.236164     -0.149517     -0.472230     -0.324834     -0.250010     -0.360575     -0.292195     -0.314497    
 1885 -0.454788E-01 -0.787029E-01  0.183334     -0.915146E-01 -0.236326     -0.707493     -0.311617     -0.274086E-02  0.188555      0.387913      0.227230      0.153770     -0.909639E-01 -0.481689E-01 -0.340617      0.267899     -0.232023E-01 -0.193523     -0.277559E-01 -0.128345     -0.179602     -0.967901E-01  0.194299E-02 -0.100121     -0.219018     -0.517322     -0.395645     -0.527693     -0.385670     -0.367384     -0.380112     -0.329269     -0.187192     -0.105732     -0.480220     -0.377722     -0.198828     -0.357578     -0.291390     -0.272086    
 1886 -0.930290E-01 -0.954914E-01 -0.125187     -0.114105     -0.898676      -1.43173      -1.28033      -1.16175     -0.982435      -1.32880      -1.65336      -2.27515     -0.115835E-01 -0.379323      -1.29127      -1.32153      0.758676E-01 -0.978171     -0.953337     -0.176259     -0.208248     -0.153425     -0.722713E-01 -0.139192     -0.261750     -0.544517     -0.423585     -0.562252     -0.421116     -0.392694     -0.406307     -0.376259     -0.230314     -0.157738     -0.510118     -0.406705     -0.251785     -0.392069     -0.330135     -0.313765    
 1887  -2.34276      -2.10248      -1.90031      -1.67962      -1.63998      -1.29689      -1.00871     -0.856171     -0.742395     -0.434046      0.200220      0.257330      -2.24013      -1.73997      -1.05392     -0.325407      -1.93381      -1.20396      -1.12882      -1.63699     -0.275963     -0.220509     -0.183726     -0.222066     -0.335567     -0.605492     -0.449621     -0.603012     -0.440049     -0.414417     -0.435471     -0.446337     -0.290910     -0.247120     -0.552708     -0.429979     -0.309243     -0.442635     -0.386019     -0.368795    
 1888  0.261200      0.409058      0.363724      0.256386      0.780029E-01 -0.594940E-01 -0.524158E-01 -0.167301      0.744776      0.924973      0.379871      0.532829      0.309196      0.232704     -0.930703E-01  0.683207      0.176248      0.133326      0.305967     -0.106241     -0.369333     -0.307031     -0.297152     -0.329661     -0.421912     -0.682203     -0.516659     -0.658529     -0.483526     -0.487587     -0.514571     -0.520647     -0.374233     -0.349575     -0.619130     -0.495228     -0.378290     -0.515415     -0.465734     -0.433017    
 1889  0.886690       1.01321      0.645033      0.408945      0.118223     -0.660894     -0.653076      -1.42677      -1.45244      -1.74525      -1.57409      -1.63688      0.810910      0.390734     -0.913580      -1.59059      0.730434     -0.611002     -0.506442      0.397828     -0.467292     -0.411416     -0.398971     -0.412755     -0.505927     -0.736214     -0.616977     -0.711547     -0.565736     -0.580906     -0.587430     -0.579905     -0.466451     -0.439218     -0.688246     -0.578024     -0.466747     -0.591526     -0.547923     -0.509508    
 1890  -1.58853      -1.64749      -1.15109     -0.970724     -0.685726     -0.601023     -0.612177     -0.736662     -0.869654     -0.904936     -0.924849     -0.463129      -1.62430     -0.935847     -0.649954     -0.899813      -1.55722     -0.745994     -0.929666      -1.26109     -0.559706     -0.504246     -0.497203     -0.467901     -0.545255     -0.740627     -0.669332     -0.755103     -0.635662     -0.659021     -0.639076     -0.615627     -0.547952     -0.503453     -0.721687     -0.644587     -0.551566     -0.635647     -0.607397     -0.579787    
 1891 -0.236010     -0.219582     -0.235037      0.335503E-02 -0.953064E-01 -0.218153     -0.270388     -0.427801     -0.396105     -0.149817     -0.161400E-01 -0.145390     -0.306240     -0.108996     -0.305447     -0.187354     -0.497257     -0.234066     -0.200531     -0.459345     -0.597591     -0.528790     -0.534173     -0.487790     -0.499532     -0.650018     -0.603379     -0.712758     -0.603415     -0.621411     -0.554696     -0.493123     -0.580670     -0.507165     -0.655385     -0.593174     -0.595713     -0.592815     -0.573890     -0.605976    
 1892 -0.392319     -0.346062     -0.571407     -0.605165     -0.618406      -1.08761     -0.516956     -0.716591     -0.734894      -1.00845     -0.989738     -0.912451     -0.294590     -0.598326     -0.773719     -0.911027     -0.270189     -0.713270     -0.708337     -0.418884     -0.471789     -0.417194     -0.455500     -0.439759     -0.377123     -0.502607     -0.467688     -0.609359     -0.546340     -0.570266     -0.518815     -0.416123     -0.460702     -0.424128     -0.526551     -0.545140     -0.502286     -0.490479     -0.482714     -0.521063    
 1893 -0.789730     -0.757153     -0.799887     -0.826624     -0.807056     -0.864244     -0.966187      -1.01541      -1.00439      -1.19299      -1.05894     -0.956120     -0.819778     -0.811189     -0.948614      -1.08544     -0.876235     -0.913985     -0.919894     -0.810315     -0.378875     -0.371069     -0.456064     -0.459892     -0.344753     -0.463287     -0.453102     -0.617889     -0.630361     -0.679164     -0.652341     -0.545380     -0.388689     -0.420237     -0.511426     -0.653955     -0.451869     -0.494881     -0.504348     -0.466878    
 1894 -0.977709     -0.968931     -0.977987     -0.856115     -0.731266     -0.672104     -0.967728     -0.810541     -0.877274     -0.825497     -0.769178     -0.559000     -0.967587     -0.855123     -0.816791     -0.823983      -1.02211     -0.819171     -0.832778     -0.948179     -0.529006     -0.558816     -0.614278     -0.571279     -0.418903     -0.487770     -0.487301     -0.603272     -0.648230     -0.678102     -0.610160     -0.504219     -0.544401     -0.534820     -0.526114     -0.645497     -0.596497     -0.536126     -0.559278     -0.563191    
 1895 -0.604250     -0.576382     -0.623106     -0.499165     -0.108387     -0.320753     -0.419086     -0.461330     -0.272175     -0.238716     -0.196339     -0.150391     -0.579877     -0.410219     -0.400390     -0.235743     -0.659569     -0.346816     -0.372507     -0.628438     -0.534415     -0.575352     -0.613586     -0.539759     -0.388953     -0.440660     -0.425785     -0.500942     -0.522172     -0.528694     -0.445700     -0.360946     -0.537995     -0.514099     -0.455796     -0.498855     -0.585972     -0.469712     -0.489747     -0.552001    
 1896 -0.291960     -0.886917E-01 -0.581474E-01 -0.104235     -0.112167     -0.630379E-02  0.146204      0.143749      0.123236      0.500336E-01  0.457811      0.479099     -0.177014     -0.915165E-01  0.945497E-01  0.210360     -0.170708      0.317472E-01  0.615523E-01 -0.199962     -0.405617     -0.449037     -0.516577     -0.469128     -0.346955     -0.420736     -0.402712     -0.467739     -0.476287     -0.491933     -0.406294     -0.342982     -0.405200     -0.444220     -0.430396     -0.458172     -0.451095     -0.430593     -0.433000     -0.449357    
 1897  0.372211      0.122648     -0.393887     -0.728884      0.216942E-01  0.225916      0.278574     -0.936909E-01 -0.706564     -0.789976      -1.19333     -0.956921      0.324653     -0.367026      0.136933     -0.896623      0.181319     -0.167159     -0.320184      0.849859E-01 -0.375998     -0.438794     -0.487750     -0.431238     -0.318980     -0.380303     -0.412857     -0.441225     -0.452862     -0.410253     -0.334785     -0.260795     -0.385925     -0.412656     -0.411462     -0.399300     -0.423959     -0.406244     -0.395487     -0.418418    
 1898 -0.595480     -0.893572      -1.15398      -1.09700     -0.936277     -0.795904      -1.04799      -1.10039     -0.971485     -0.897047     -0.897099     -0.838070     -0.815324      -1.06242     -0.981428     -0.921877     -0.930543     -0.991508     -0.935358     -0.744510     -0.292833     -0.379823     -0.412439     -0.334106     -0.227628     -0.289948     -0.384499     -0.411513     -0.422764     -0.297804     -0.250320     -0.174702     -0.311150     -0.324725     -0.361987     -0.323629     -0.348488     -0.345076     -0.323198     -0.354130    
 1899  -1.25925      -1.43910      -1.00154     -0.465414     -0.350496     -0.414154     -0.341486     -0.201330     -0.935535E-01  0.980034E-01  0.546501      0.557251      -1.17881     -0.605817     -0.318990      0.183650      -1.05535     -0.311072     -0.363714     -0.890170     -0.237838     -0.345586     -0.385531     -0.278537     -0.179108     -0.256638     -0.347477     -0.407343     -0.402938     -0.254598     -0.217265     -0.160527     -0.252708     -0.281059     -0.337152     -0.291601     -0.281963     -0.312007     -0.289449     -0.302070    
 1900  0.449230      0.474108      0.509333      0.534046      0.381994      0.944366E-01  0.306562      0.844879E-01  0.292616      0.239973      0.243761      0.208200      0.493530      0.475124      0.161829      0.258783      0.439071      0.282357      0.318229      0.250711     -0.235322     -0.350334     -0.386824     -0.252654     -0.165194     -0.211207     -0.281722     -0.366867     -0.341772     -0.195068     -0.147443     -0.107981     -0.248727     -0.268224     -0.286599     -0.228094     -0.267478     -0.269903     -0.253532     -0.282640    
 1901  0.302191      0.185108      0.447140E-01 -0.888042E-01 -0.323057     -0.515123     -0.727676     -0.584881     -0.640675     -0.559507     -0.396648     -0.457449      0.231833     -0.122382     -0.609227     -0.532277      0.203991     -0.480036     -0.313484      0.817191E-01 -0.196024     -0.332016     -0.380533     -0.235680     -0.162555     -0.204942     -0.288051     -0.393903     -0.351662     -0.206686     -0.178743     -0.163462     -0.212007     -0.259589     -0.295632     -0.245697     -0.226511     -0.272799     -0.257855     -0.246050    
 1902 -0.338150     -0.545881     -0.274626      0.244795      0.168844      0.180168E-01 -0.262568     -0.292320E-01 -0.218239E-01   1.03484      0.820961       1.04336     -0.447160      0.463377E-01 -0.912611E-01  0.611326     -0.428710      0.196720E-01  0.154878     -0.341153     -0.240776     -0.394252     -0.430486     -0.239165     -0.216038     -0.283855     -0.383953     -0.457401     -0.360310     -0.208902     -0.187566     -0.203679     -0.266163     -0.295230     -0.375070     -0.252259     -0.269067     -0.323454     -0.300532     -0.282257    
 1903  0.819410      0.622078      0.409554      0.266056      0.232723     -0.162764     -0.653397      -1.10854      -1.11549     -0.987297      -1.18033      -1.19007      0.828283      0.302778     -0.641567      -1.09437      0.791701     -0.423569     -0.337339      0.397716     -0.256684     -0.414226     -0.422039     -0.211705     -0.240949     -0.355012     -0.459743     -0.463667     -0.337034     -0.194794     -0.158101     -0.190724     -0.291530     -0.291565     -0.426141     -0.229976     -0.282183     -0.344685     -0.308723     -0.308535    
 1904  -1.48695      -1.66342      -1.64927     -0.837414     -0.800627     -0.707384     -0.540077     -0.634001     -0.369665     -0.167076      0.132999E-01 -0.415497E-01  -1.44681      -1.09577     -0.627154     -0.174480      -1.35956     -0.648195     -0.740345      -1.11502     -0.222993     -0.374239     -0.366051     -0.210247     -0.271873     -0.422131     -0.528164     -0.505359     -0.411425     -0.296734     -0.286216     -0.314929     -0.262652     -0.282724     -0.485218     -0.331458     -0.251150     -0.391533     -0.350864     -0.305966    
 1905 -0.446892E-01  0.231571E-01  0.223236E-01 -0.215530E-03  0.239243      0.623137      0.468353      0.171648      0.443546      0.293463      0.417622      0.383080     -0.210273E-01  0.871170E-01  0.421046      0.384877     -0.324224E-01  0.324285      0.253389     -0.730094E-01 -0.332470     -0.479709     -0.477425     -0.322867     -0.381457     -0.506666     -0.664154     -0.638743     -0.567340     -0.466528     -0.470773     -0.489804     -0.375703     -0.393916     -0.603188     -0.501547     -0.364580     -0.513538     -0.483161     -0.403618    
 1906 -0.655594E-01 -0.321882     -0.577747     -0.263695     -0.407017     -0.824894     -0.867817      -1.02996     -0.790295     -0.714497     -0.782148      -1.16401     -0.145380E-02 -0.416153     -0.907557     -0.762313      0.214961E-01 -0.697280     -0.650793     -0.235902E-01 -0.511662     -0.641421     -0.663482     -0.444270     -0.477623     -0.582085     -0.762084     -0.730256     -0.659013     -0.523545     -0.528625     -0.545502     -0.547629     -0.528458     -0.691475     -0.570394     -0.540612     -0.609222     -0.589131     -0.551490    
 1907 -0.749229     -0.888882     -0.873356     -0.639124     -0.753107     -0.533754     -0.625437     -0.189941      0.340252E-01 -0.697670E-01 -0.129829     -0.118151     -0.934040     -0.755196     -0.449711     -0.551903E-01 -0.862020     -0.451223     -0.461379     -0.815515     -0.580391     -0.673981     -0.706832     -0.475723     -0.511193     -0.617980     -0.770949     -0.735449     -0.681931     -0.570224     -0.568915     -0.594089     -0.599958     -0.564582     -0.708126     -0.607023     -0.593146     -0.632204     -0.623971     -0.609594    
 1908  0.207800     -0.281523     -0.505577     -0.637564     -0.659706      -1.45937      -1.65979      -1.12945      -1.24656      -1.33510      -1.37130      -1.41774     -0.639580E-01 -0.600949      -1.41620      -1.31765     -0.149508      -1.13207     -0.957990     -0.369587     -0.632427     -0.726221     -0.759555     -0.525537     -0.567191     -0.667594     -0.787255     -0.707530     -0.668266     -0.606822     -0.558537     -0.589420     -0.650912     -0.617428     -0.720793     -0.611208     -0.641905     -0.653895     -0.649696     -0.650007    
 1909  -1.38872      -1.25141     -0.530176     -0.895695      -1.24554      -1.09307      -1.09810      -1.00612      -1.30631      -1.50274      -1.54159      -1.34718      -1.35262     -0.890470      -1.06576      -1.45021      -1.21574      -1.10747      -1.18389      -1.21371     -0.607712     -0.705756     -0.722884     -0.521506     -0.564523     -0.682989     -0.774474     -0.639786     -0.603505     -0.541945     -0.469726     -0.477309     -0.634296     -0.602971     -0.699083     -0.538392     -0.631855     -0.631130     -0.609343     -0.643600    
 1910  -1.61083      -1.82298      -2.18951      -1.28806     -0.914646     -0.917343      -1.65663      -1.77839      -1.61292      -1.55518      -1.35930      -1.38487      -1.59366      -1.46407      -1.45079      -1.50913      -1.66914      -1.36133      -1.50756      -1.37878     -0.492369     -0.588837     -0.599843     -0.412626     -0.475253     -0.709349     -0.811359     -0.659131     -0.651206     -0.596377     -0.539186     -0.539579     -0.519505     -0.495907     -0.726613     -0.595590     -0.528338     -0.619821     -0.589593     -0.565418    
 1911  -1.22159     -0.752052     -0.977577     -0.694756     -0.949738      -1.01173     -0.723076     -0.552271     -0.568594      0.953140E-01  0.493813E-01  0.216694E-01  -1.11950     -0.874024     -0.762359     -0.141300      -1.20843     -0.750028     -0.607085      -1.24623     -0.536107     -0.639832     -0.593955     -0.393434     -0.442999     -0.763339     -0.872007     -0.707563     -0.759431     -0.746915     -0.728668     -0.726245     -0.571839     -0.476796     -0.780970     -0.745005     -0.574173     -0.656462     -0.659208     -0.597209    
 1912 -0.188959     -0.259903     -0.119337      0.221676      0.124134     -0.203264     -0.444468     -0.165691     -0.552265     -0.553556     -0.430870     -0.407499     -0.142398      0.754910E-01 -0.271141     -0.512230     -0.669724E-01 -0.169980     -0.248334     -0.175269     -0.730351     -0.833060     -0.706053     -0.540505     -0.521752     -0.857762     -0.964168     -0.832579     -0.878666     -0.910363     -0.899404     -0.865670     -0.763219     -0.589436     -0.884836     -0.896145     -0.745215     -0.765905     -0.795028     -0.727526    
 1913 -0.370489     -0.708702     -0.800207     -0.707104     -0.842537     -0.933764     -0.797626     -0.413702     -0.311754     -0.130867      0.279060      0.354179     -0.495563     -0.783283     -0.715031     -0.545203E-01 -0.545221     -0.667748     -0.448626     -0.576429     -0.926839     -0.989948     -0.816023     -0.676967     -0.610405     -0.891932     -0.975512     -0.918706     -0.907197     -0.916060     -0.855170     -0.775885     -0.927486     -0.701132     -0.928717     -0.892809     -0.901375     -0.830120     -0.855054     -0.855247    
 1914  0.197241      0.766487E-01  0.293924      0.216375      0.328003     -0.244293     -0.140226      0.260391E-01  0.121826      0.274044      0.330120      0.656410      0.209356      0.279434     -0.119493      0.241997      0.178364      0.512873E-01  0.178009     -0.127343E-01 -0.887468     -0.972528     -0.816422     -0.696590     -0.611616     -0.813180     -0.884347     -0.906072     -0.847490     -0.820168     -0.729222     -0.609119     -0.878627     -0.708210     -0.867867     -0.798960     -0.870589     -0.793216     -0.799518     -0.845528    
 1915  0.577980      0.621477      0.539934       1.12358      0.896013     -0.367153     -0.669197     -0.875292      -1.00198      -1.23630      -1.28840      -1.56028      0.618622      0.853176     -0.637214      -1.17556      0.499994     -0.149005     -0.269968      0.388337     -0.729770     -0.838256     -0.714938     -0.644863     -0.576272     -0.755506     -0.801016     -0.858844     -0.763514     -0.733459     -0.663266     -0.545638     -0.725715     -0.645358     -0.805122     -0.720080     -0.740245     -0.733336     -0.718778     -0.754669    
 1916  -1.56298      -1.94010     -0.977587      -1.00364     -0.418716     -0.914413     -0.943226     -0.951672      -1.50927      -2.19549      -2.86575      -2.95396      -1.68779     -0.799981     -0.936437      -2.19017      -1.42761     -0.956823      -1.51973      -1.12074     -0.667242     -0.797706     -0.656408     -0.626053     -0.555174     -0.734439     -0.742542     -0.780049     -0.677927     -0.673457     -0.636343     -0.527112     -0.670195     -0.612545     -0.752343     -0.662576     -0.677286     -0.686031     -0.672871     -0.700230    
 1917  -3.13670      -3.13523      -2.71547      -2.84060      -2.31646      -2.33268      -2.39325      -2.76854      -1.63169      -1.85775      -1.46096      -1.11671      -3.07530      -2.62418      -2.49816      -1.65013      -2.83377      -2.38054      -2.30884      -2.32471     -0.658298     -0.842166     -0.686049     -0.685132     -0.578024     -0.783103     -0.779661     -0.824721     -0.707522     -0.713416     -0.682021     -0.555125     -0.675859     -0.649735     -0.795828     -0.700986     -0.670571     -0.726360     -0.707936     -0.689184    
 1918  -1.33448      -1.17294     -0.862867      -1.16533     -0.869427     -0.343843     -0.118856     -0.273401     -0.151474      0.338943      0.844511       1.37652      -1.20804     -0.965875     -0.245367      0.343993      -1.30095     -0.487055     -0.311054      -1.41482     -0.703072     -0.873588     -0.680571     -0.699294     -0.571852     -0.786607     -0.789185     -0.865636     -0.735137     -0.736923     -0.716608     -0.564054     -0.710595     -0.650572     -0.813809     -0.729556     -0.701299     -0.741285     -0.726877     -0.714787    
 1919  0.940971     -0.115929E-01 -0.180876     -0.760395      -1.06003     -0.633554     -0.815737      -1.60949      -1.20724      -1.25894      -1.23844     -0.806110      0.768633     -0.667100      -1.01959      -1.23487      0.551413      -1.01441     -0.720119      0.258972E-01 -0.716048     -0.891879     -0.685305     -0.699028     -0.585215     -0.774103     -0.807617     -0.920826     -0.808683     -0.837205     -0.825810     -0.658924     -0.723993     -0.656516     -0.834182     -0.823899     -0.718469     -0.765912     -0.767554     -0.729927    
 1920 -0.786549     -0.377352     -0.509127     -0.388815     -0.393276     -0.223394     -0.272367     -0.230442     -0.324841E-01 -0.648060E-01 -0.343319     -0.656321     -0.656670     -0.430406     -0.242068     -0.146870     -0.829420     -0.256796     -0.356521     -0.801206     -0.789301     -0.986627     -0.803191     -0.835755     -0.707746     -0.810820     -0.839089     -0.952334     -0.845506     -0.874522     -0.839530     -0.653434     -0.811617     -0.782231     -0.867414     -0.853186     -0.816843     -0.831875     -0.828155     -0.816042    
 1921 -0.795309      -1.38668      -1.48735      -1.21779      -1.04916      -1.28433     -0.937857     -0.524321     -0.437294     -0.195017     -0.428139     -0.336370     -0.946103      -1.25143     -0.915503     -0.353483     -0.788964     -0.908459     -0.839968     -0.735030     -0.782346     -0.970215     -0.854170     -0.896777     -0.766827     -0.785037     -0.796219     -0.889343     -0.760504     -0.745023     -0.661024     -0.465218     -0.801998     -0.839258     -0.823533     -0.722184     -0.829036     -0.815785     -0.781059     -0.838316    
 1922 -0.436378     -0.514473     -0.202396     -0.436884     -0.233437     -0.903944     -0.972067      -1.08708      -1.27545      -1.06239     -0.866909     -0.609720     -0.429074     -0.290906     -0.987697      -1.06825     -0.352129     -0.818144     -0.716761     -0.465543     -0.596222     -0.768559     -0.736670     -0.757449     -0.664487     -0.668410     -0.665090     -0.740410     -0.670609     -0.617591     -0.516161     -0.332927     -0.610000     -0.719536     -0.691303     -0.601454     -0.662119     -0.694409     -0.644549     -0.709094    
 1923  -1.01855      -1.08258     -0.607576     -0.331774     -0.361526     -0.303173     -0.460516     -0.310612     -0.140884     -0.921860E-01  0.233612E-01  0.377831     -0.903617     -0.433625     -0.358100     -0.699029E-01 -0.874621     -0.318081     -0.359015     -0.798233     -0.452838     -0.640919     -0.664125     -0.639411     -0.554329     -0.598250     -0.583229     -0.642007     -0.643736     -0.615942     -0.532625     -0.389417     -0.475561     -0.619288     -0.607829     -0.597434     -0.537427     -0.610160     -0.579736     -0.591055    
 1924  0.585791      0.847187E-01  0.661278E-02 -0.153645     -0.420258     -0.624794     -0.845976      -1.18086      -1.51995      -1.77028      -1.59823      -1.26466      0.349447     -0.189097     -0.883877      -1.62949      0.164355     -0.790914     -0.725128     -0.937150E-01 -0.469646     -0.632032     -0.679557     -0.590991     -0.494635     -0.588550     -0.570594     -0.598667     -0.623834     -0.626307     -0.559947     -0.459963     -0.497032     -0.588394     -0.585937     -0.603363     -0.553203     -0.577878     -0.574560     -0.571864    
 1925  -1.27564      -1.28155      -1.53049      -1.24094     -0.806356     -0.720993     -0.592876     -0.298552     -0.966740E-01  0.616837E-01  0.365551      0.470600      -1.27395      -1.19260     -0.537474      0.110187      -1.45347     -0.626065     -0.578853      -1.25299     -0.511470     -0.642228     -0.665292     -0.562297     -0.455310     -0.589805     -0.537251     -0.527134     -0.576962     -0.549709     -0.486194     -0.386266     -0.537887     -0.560966     -0.551397     -0.537622     -0.577535     -0.541460     -0.540826     -0.572143    
 1926  0.429741      0.291159      0.732632E-01  0.140436      0.102034     -0.449238E-01 -0.162157     -0.268591     -0.714535     -0.903477     -0.949589      -1.22053      0.397167      0.105244     -0.158557     -0.855867      0.282000     -0.157956     -0.268931      0.751202E-01 -0.424641     -0.548604     -0.559774     -0.490472     -0.402987     -0.556024     -0.494619     -0.509486     -0.582584     -0.555899     -0.461844     -0.367779     -0.453170     -0.484411     -0.520043     -0.533442     -0.492531     -0.506029     -0.496226     -0.503835    
 1927  -1.40694      -1.33336      -1.41632      -1.19811     -0.790417     -0.869614     -0.551727     -0.472971     -0.628525     -0.601137     -0.479858     -0.204309      -1.32028      -1.13495     -0.631437     -0.569840      -1.20504     -0.751894     -0.829441     -0.936137     -0.390549     -0.471930     -0.496617     -0.432811     -0.369803     -0.482885     -0.426012     -0.474316     -0.582044     -0.598737     -0.491819     -0.416154     -0.410086     -0.433077     -0.461071     -0.557533     -0.457436     -0.461312     -0.469473     -0.468067    
 1928 -0.196560     -0.422022     -0.711107     -0.447065     -0.192297     -0.403713     -0.323166     -0.600901     -0.617184     -0.884676     -0.465858     -0.665680     -0.274297     -0.450156     -0.442593     -0.655906     -0.435832     -0.430721     -0.494186     -0.442608     -0.396937     -0.454612     -0.519870     -0.465144     -0.402689     -0.493735     -0.432871     -0.509872     -0.649717     -0.696353     -0.595512     -0.556674     -0.422568     -0.462568     -0.478826     -0.647194     -0.479688     -0.492338     -0.514499     -0.476839    
 1929 -0.533100     -0.584772     -0.641287     -0.510244     -0.543276     -0.379684     -0.358717     -0.415192     -0.343485     -0.242638     -0.474520     -0.174839     -0.594517     -0.564936     -0.384531     -0.353548     -0.629229     -0.425100     -0.433480     -0.562486     -0.517419     -0.530222     -0.612907     -0.547185     -0.444720     -0.536898     -0.469133     -0.560418     -0.699881     -0.735138     -0.628529     -0.632517     -0.534771     -0.534937     -0.522150     -0.687849     -0.584848     -0.543039     -0.576247     -0.552529    
 1930 -0.148960     -0.809288E-02  0.236584     -0.650845E-01 -0.123528     -0.502373     -0.625362E-01  0.592804E-02  0.412064E-01  0.450853      0.367821      0.186359     -0.110631      0.159905E-01 -0.186327      0.286627     -0.135411     -0.117731      0.315147E-01 -0.218404     -0.620137     -0.584715     -0.631207     -0.572364     -0.466600     -0.557284     -0.473512     -0.558182     -0.691203     -0.713402     -0.626685     -0.637099     -0.612456     -0.556724     -0.529660     -0.677097     -0.638707     -0.553191     -0.594366     -0.596494    
 1931  0.303690      0.116537     -0.122707     -0.105034     -0.272467     -0.329723     -0.295046     -0.407732     -0.623415     -0.834476     -0.652288     -0.809309      0.202195     -0.166736     -0.344167     -0.703393      0.217092     -0.338903     -0.335998      0.483273E-01 -0.634577     -0.589835     -0.614406     -0.568061     -0.495368     -0.591721     -0.501278     -0.586083     -0.694138     -0.718614     -0.663322     -0.660596     -0.620503     -0.559278     -0.559694     -0.692024     -0.636001     -0.572775     -0.609833     -0.599504    
 1932 -0.853539     -0.484201     -0.303896     -0.396425     -0.346447     -0.395773     -0.242746     -0.500280      -1.07854      -1.27968      -1.24226      -1.10429     -0.715683     -0.348923     -0.379600      -1.20016     -0.656285     -0.493369     -0.685673     -0.533546     -0.653105     -0.593468     -0.606878     -0.571701     -0.518966     -0.601184     -0.526995     -0.615518     -0.681847     -0.691283     -0.647503     -0.668130     -0.635723     -0.565848     -0.581232     -0.673545     -0.649330     -0.586035     -0.614715     -0.614111    
 1933 -0.729158     -0.766493     -0.971127      -1.01889     -0.906237      -1.02834      -1.32700      -1.60852      -1.69125      -1.82722      -1.67514      -1.93799     -0.866647     -0.965418      -1.32129      -1.73120      -1.01550      -1.26337      -1.29061     -0.905670     -0.668108     -0.578470     -0.566124     -0.586772     -0.559870     -0.633412     -0.636626     -0.707089     -0.741572     -0.695107     -0.692297     -0.728402     -0.638236     -0.570922     -0.659043     -0.709659     -0.636603     -0.644224     -0.649488     -0.618670    
 1934  -2.11323      -1.74356      -1.49057      -1.10735     -0.716156     -0.762894     -0.704746     -0.893871     -0.972874     -0.810947     -0.560059     -0.465710      -1.93159      -1.10469     -0.787170     -0.781293      -1.79795     -0.859648      -1.02850      -1.50007     -0.758644     -0.637667     -0.572003     -0.618748     -0.613392     -0.701357     -0.761928     -0.779569     -0.808994     -0.735819     -0.753273     -0.758609     -0.708238     -0.601381     -0.747618     -0.766029     -0.680687     -0.713998     -0.708334     -0.675242    
 1935 -0.630980     -0.543142     -0.399317     -0.790804     -0.948057     -0.990614     -0.821688     -0.540831     -0.470184     -0.462936     -0.635750     -0.419979     -0.546611     -0.712726     -0.784378     -0.522957     -0.568359     -0.760363     -0.637857     -0.725927     -0.778098     -0.657240     -0.559830     -0.615691     -0.625268     -0.700376     -0.765330     -0.741347     -0.790823     -0.800799     -0.753128     -0.733014     -0.731316     -0.600263     -0.735684     -0.781583     -0.707145     -0.706472     -0.710079     -0.711225    
 1936 -0.503719     -0.549643     -0.721897     -0.223644     -0.331627     -0.464033     -0.488657     -0.584332     -0.399715     -0.483088     -0.681019     -0.799891     -0.491114     -0.425723     -0.512341     -0.521274     -0.548987     -0.415335     -0.519272     -0.512161     -0.728160     -0.600749     -0.501688     -0.574656     -0.575079     -0.630304     -0.699111     -0.652771     -0.709054     -0.754633     -0.660529     -0.628875     -0.687308     -0.550474     -0.660729     -0.708072     -0.686256     -0.640162     -0.642967     -0.682923    
 1937 -0.844040     -0.565231     -0.470596     -0.906824     -0.828716     -0.639763     -0.739567     -0.745932     -0.697544     -0.474907     -0.432060     -0.775640     -0.736387     -0.735379     -0.708421     -0.534837     -0.640644     -0.759724     -0.676735     -0.640989     -0.634092     -0.516942     -0.428509     -0.497073     -0.494097     -0.563011     -0.671074     -0.613767     -0.654350     -0.666466     -0.576831     -0.563533     -0.593303     -0.473226     -0.615951     -0.632549     -0.603930     -0.582229     -0.573312     -0.603225    
 1938  -1.05953     -0.890192     -0.841757      -1.03977     -0.972086      -1.27814      -2.32795      -2.15936      -1.74265      -1.08738      -1.40954      -1.29978     -0.908454     -0.951204      -1.92182      -1.41319     -0.745681      -1.58666      -1.34234     -0.828927     -0.611262     -0.479873     -0.411705     -0.437664     -0.442170     -0.511350     -0.649735     -0.577526     -0.597144     -0.606928     -0.527279     -0.511454     -0.551556     -0.430513     -0.579537     -0.577117     -0.551611     -0.535932     -0.530341     -0.553337    
 1939  -1.48085      -1.30054     -0.628206     -0.557064     -0.833916     -0.864153     -0.859976     -0.306332     -0.566465     -0.854187     -0.750349     -0.144880      -1.36039     -0.673062     -0.676820     -0.723667      -1.20105     -0.664651     -0.762243      -1.30762     -0.581404     -0.420704     -0.357343     -0.370380     -0.393357     -0.449587     -0.581032     -0.492597     -0.506039     -0.541542     -0.467072     -0.431900     -0.504521     -0.373693     -0.507739     -0.504884     -0.500852     -0.465499     -0.466080     -0.503570    
 1940  0.409710      0.316217      0.466963      0.428658E-01 -0.704060E-01  0.171661E-02  0.370693      0.661518      0.627615     -0.237186      0.646551      0.668301      0.193682      0.146474      0.344643      0.345660     -0.927543E-01  0.272334      0.325380     -0.192927     -0.492438     -0.370097     -0.331736     -0.334650     -0.357902     -0.416640     -0.544093     -0.467626     -0.469464     -0.540658     -0.430952     -0.413752     -0.431479     -0.341430     -0.476120     -0.480358     -0.439131     -0.431729     -0.430834     -0.443637    
 1941  0.743792      0.922049      0.809763      0.607725      0.678183      0.567627      0.596104      0.708199      0.425556      0.776884      0.920961      0.791531      0.778047      0.698557      0.623977      0.707800      0.592212      0.597232      0.712365      0.588886     -0.466467     -0.398106     -0.372687     -0.353047     -0.322492     -0.399736     -0.524860     -0.476931     -0.484739     -0.555827     -0.374941     -0.307149     -0.426109     -0.349409     -0.467176     -0.471836     -0.437104     -0.426968     -0.419749     -0.431590    
 1942  0.587700      0.386438      0.227213      0.442476      0.322533      0.527363E-01 -0.573166     -0.836142      -1.03343      -1.12770      -1.14154      -1.39829      0.588556      0.330741     -0.452191      -1.10089      0.615121     -0.270832     -0.340931      0.519861     -0.410843     -0.378212     -0.353081     -0.321415     -0.243341     -0.343802     -0.473425     -0.458409     -0.487834     -0.588790     -0.358615     -0.175743     -0.365401     -0.305946     -0.425212     -0.478413     -0.396676     -0.388038     -0.382793     -0.397929    
 1943  -1.71378     -0.895761      -1.16616     -0.669605     -0.536676     -0.443634     -0.569798     -0.547831     -0.592255     -0.788446     -0.784830     -0.602421      -1.33594     -0.790814     -0.520421     -0.721844      -1.24054     -0.559967     -0.775933     -0.961324     -0.345372     -0.330050     -0.442892     -0.232583     -0.133583     -0.239685     -0.360051     -0.360876     -0.430008     -0.589716     -0.335536     -0.102073     -0.283722     -0.269686     -0.320204     -0.451754     -0.373577     -0.292798     -0.325202     -0.355582    
 1944 -0.531448     -0.430912     -0.208307     -0.110964     -0.109447     -0.112333     -0.878773E-01 -0.255981     -0.249765     -0.542007     -0.246229     -0.210199     -0.521594     -0.142906     -0.152064     -0.346000     -0.557727     -0.154395     -0.257956     -0.449083     -0.272023     -0.278551     -0.557229     -0.185174     -0.670650E-01 -0.184864     -0.279071     -0.320345     -0.407530     -0.594488     -0.324565     -0.118897     -0.217549     -0.269823     -0.261427     -0.442194     -0.355855     -0.240675     -0.299150     -0.310264    
 1945 -0.433458     -0.843653      -1.16944      -1.07259     -0.845676     -0.982224     -0.699787     -0.679312     -0.461794     -0.714197     -0.227179     -0.312531     -0.495770      -1.02924     -0.787108     -0.467723     -0.574164     -0.790231     -0.703487     -0.578258     -0.309888     -0.329694     -0.666965     -0.270235     -0.108642     -0.227539     -0.346379     -0.444895     -0.531063     -0.692230     -0.466440     -0.277504     -0.252826     -0.348614     -0.339604     -0.563244     -0.390750     -0.321459     -0.389289     -0.329822    
 1946 -0.181808     -0.809313     -0.770786     -0.309805      0.274193     -0.134354     -0.225897     -0.631941     -0.713594     -0.535206      0.306206E-01   1.22473     -0.434551     -0.268799     -0.330731     -0.406060     -0.502636     -0.290233     -0.231930     -0.418889     -0.483556     -0.513630     -0.837991     -0.392113     -0.168140     -0.275524     -0.429841     -0.574488     -0.653963     -0.799601     -0.618173     -0.408611     -0.424896     -0.466081     -0.426618     -0.690579     -0.545225     -0.415678     -0.512969     -0.452455    
 1947 -0.534782E-01  0.923176E-01 -0.295963E-01 -0.188015      0.148483      0.149246      0.263824E-01 -0.327890     -0.445564      -1.08205     -0.817169     -0.172150      0.421190     -0.230428E-01 -0.507539E-01 -0.781594      0.121565     -0.106226     -0.224957     -0.610275E-01 -0.599182     -0.632552     -0.924329     -0.455585     -0.200628     -0.308041     -0.441892     -0.606157     -0.637619     -0.816128     -0.622343     -0.401259     -0.546782     -0.526847     -0.452030     -0.692030     -0.663741     -0.441654     -0.553810     -0.550416    
 1948 -0.540668     -0.584492      -3.07896      0.180645E-01  0.245884      0.151863E-01 -0.826427     -0.626741     -0.838125     -0.498756     -0.562859     -0.429871     -0.432437     -0.938337     -0.479327     -0.633247      -1.04591     -0.335360     -0.642314     -0.561952     -0.553931     -0.615983     -0.896967     -0.441342     -0.185314     -0.285388     -0.409567     -0.572972     -0.587189     -0.748275     -0.544580     -0.324268     -0.523724     -0.507874     -0.422643     -0.626682     -0.651102     -0.413629     -0.513815     -0.542027    
 1949 -0.532730     -0.576252     -0.677757     -0.666725     -0.721527      -1.06106     -0.741907      -1.02833      -1.02143      -1.53824      -1.37760      -1.35127     -0.512951     -0.688670     -0.943766      -1.31242     -0.546371     -0.873497     -0.941236     -0.668236     -0.448604     -0.551787     -0.848235     -0.427029     -0.171389     -0.270699     -0.416978     -0.587424     -0.621159     -0.748498     -0.542623     -0.333931     -0.441553     -0.482218     -0.425034     -0.637427     -0.577625     -0.415780     -0.497363     -0.492050    
 1950  -1.29571      -1.43094      -1.67821      -1.54869      -1.01433     -0.654873      -1.09353      -1.10748      -1.38808      -1.50797      -1.56370      -1.29743      -1.35931      -1.41374     -0.951961      -1.48658      -1.44533      -1.13450      -1.29841      -1.22346     -0.435456     -0.533893     -0.846541     -0.438524     -0.197228     -0.286097     -0.458216     -0.647015     -0.706197     -0.847396     -0.663365     -0.432493     -0.434426     -0.494098     -0.463776     -0.738986     -0.573490     -0.455546     -0.541035     -0.499029    
 1951  -1.02415      -1.00951     -0.465576     -0.238276      0.432144      0.264517      0.391092     -0.114672     -0.167351E-01 -0.997562E-01  0.965500E-01  0.135111      -1.11036     -0.905693E-01  0.180312     -0.664710E-02  -1.14472      0.119678     -0.137438     -0.833254     -0.506179     -0.555421     -0.854223     -0.459526     -0.252410     -0.300051     -0.490341     -0.702608     -0.775394     -0.928876     -0.780437     -0.573131     -0.498031     -0.522053     -0.497667     -0.828236     -0.643179     -0.496722     -0.598217     -0.556874    
 1952  0.431099E-01 -0.604515E-01 -0.224207      0.190258E-01 -0.811863E-01 -0.294504     -0.609186     -0.646650     -0.264275     -0.581596     -0.400530     -0.594830      0.392565E-01 -0.954558E-01 -0.516780     -0.415467     -0.182740E-01 -0.312796     -0.307940     -0.172186E-01 -0.580883     -0.592895     -0.879923     -0.474671     -0.301777     -0.341209     -0.543514     -0.715007     -0.783557     -0.891000     -0.764399     -0.631205     -0.582303     -0.552124     -0.533243     -0.812986     -0.722691     -0.526623     -0.625003     -0.618512    
 1953 -0.264158     -0.117481     -0.167496      0.387154E-01  0.173323      0.356667      0.112734     -0.736218E-01 -0.352804      0.224934E-01  0.294209E-01  0.133940     -0.325490      0.148475E-01  0.131926     -0.100297     -0.354349      0.425023E-01 -0.902226E-02 -0.256458     -0.537059     -0.535756     -0.701429     -0.437619     -0.300692     -0.349334     -0.517941     -0.661670     -0.721704     -0.798537     -0.679380     -0.568956     -0.568007     -0.479913     -0.509649     -0.733207     -0.676808     -0.498160     -0.567506     -0.599214    
 1954  0.125471      0.747185E-01 -0.232347     -0.533024     -0.540956     -0.618843     -0.918636      -1.01922      -1.16862      -1.35739      -1.02134      -1.13981      0.111377     -0.435442     -0.852233      -1.18245      0.256161E-01 -0.799883     -0.695833     -0.154402     -0.436209     -0.432100     -0.484244     -0.382805     -0.269437     -0.300631     -0.457794     -0.598629     -0.653462     -0.706495     -0.602744     -0.490384     -0.479088     -0.378829     -0.452351     -0.654234     -0.566571     -0.443793     -0.484578     -0.521134    
 1955 -0.827410     -0.991402      -1.11151     -0.880434     -0.930946     -0.783674     -0.693787      -1.10789      -1.24370      -1.87678      -1.86690      -1.35416     -0.986207     -0.974297     -0.861784      -1.66246      -1.07481     -0.940072      -1.13905      -1.01253     -0.369113     -0.370038     -0.399295     -0.294381     -0.203325     -0.251362     -0.418328     -0.540796     -0.585854     -0.594249     -0.493646     -0.380230     -0.409845     -0.299000     -0.403496     -0.557916     -0.489678     -0.382341     -0.408385     -0.449752    
 1956  -1.20232      -1.09213     -0.982357     -0.922005     -0.744167     -0.611994     -0.874386      -1.31524      -1.31563      -1.00223     -0.671110     -0.546419      -1.21620     -0.882843     -0.933873     -0.996323      -1.39577     -0.963904     -0.939999      -1.14152     -0.297763     -0.296363     -0.335377     -0.254449     -0.214078     -0.271436     -0.439246     -0.544829     -0.575222     -0.578437     -0.455637     -0.345836     -0.324785     -0.267968     -0.418504     -0.536432     -0.399604     -0.383210     -0.384056     -0.390214    
 1957 -0.527060     -0.374332     -0.332016      0.121296      0.179493     -0.196274     -0.388597      0.107449     -0.678444E-02  0.142494      0.205320      0.437531     -0.482604     -0.104090E-01 -0.159141      0.113677     -0.575528     -0.305696E-01 -0.526234E-01 -0.571159     -0.291517     -0.286542     -0.343871     -0.291112     -0.286957     -0.307140     -0.485623     -0.576012     -0.627982     -0.619861     -0.496931     -0.380259     -0.307965     -0.307314     -0.456258     -0.581591     -0.383640     -0.429138     -0.416151     -0.395529    
 1958  0.809401       1.02493      0.793324      0.449785      0.236584      0.198206      0.100004      0.464821E-02 -0.398350E-01  0.125973      0.115040      0.205431      0.757287      0.493231      0.100953      0.670593E-01  0.568833      0.158232      0.335291      0.334137     -0.348886     -0.336738     -0.357873     -0.322354     -0.340616     -0.354118     -0.496634     -0.565806     -0.617205     -0.609434     -0.504028     -0.387372     -0.355294     -0.340281     -0.472186     -0.576889     -0.423425     -0.449455     -0.436755     -0.437271    
 1959  0.134211     -0.112562     -0.206327     -0.216484E-02 -0.871372E-01 -0.270014     -0.465387     -0.398891     -0.454884     -0.322136     -0.522779     -0.415140      0.756933E-01 -0.985430E-01 -0.378097     -0.433266      0.436277E-01 -0.279746     -0.260268     -0.272774E-02 -0.372467     -0.368195     -0.375175     -0.327032     -0.366587     -0.406853     -0.509126     -0.565357     -0.604061     -0.600196     -0.527428     -0.406845     -0.376012     -0.356264     -0.493779     -0.577228     -0.436112     -0.463169     -0.452444     -0.449732    
 1960 -0.620749     -0.653372     -0.450666     -0.444765     -0.326477     -0.460545     -0.580736     -0.580271     -0.602465     -0.479156     -0.236559     -0.304699E-01 -0.563087     -0.407303     -0.540517     -0.439393     -0.497474     -0.499210     -0.455519     -0.461316     -0.379036     -0.357996     -0.365256     -0.314981     -0.332308     -0.374824     -0.467036     -0.507340     -0.552378     -0.481631     -0.436127     -0.335283     -0.381292     -0.337515     -0.449733     -0.490045     -0.439460     -0.424811     -0.408683     -0.444785    
 1961 -0.272099     -0.313581     -0.414757     -0.543554     -0.470766     -0.331293     -0.540056     -0.722530     -0.589705     -0.812326     -0.470409     -0.443979     -0.205383     -0.476359     -0.531293     -0.624147     -0.291104     -0.532984     -0.493755     -0.404642     -0.305018     -0.260026     -0.248108     -0.244730     -0.255264     -0.293305     -0.367647     -0.376514     -0.417539     -0.304149     -0.277863     -0.229933     -0.300109     -0.249367     -0.345822     -0.333184     -0.344365     -0.325833     -0.298341     -0.365521    
 1962 -0.584019     -0.559961     -0.444916     -0.408974     -0.635857     -0.412764     -0.605587     -0.662451     -0.746515     -0.697506     -0.659460     -0.704201     -0.529320     -0.496582     -0.560267     -0.701160     -0.552602     -0.578691     -0.593518     -0.552125     -0.227768     -0.194004     -0.157709     -0.188080     -0.220690     -0.256089     -0.302748     -0.336082     -0.378365     -0.274910     -0.261381     -0.250224     -0.217235     -0.188827     -0.298306     -0.304885     -0.231904     -0.280342     -0.254004     -0.268165    
 1963 -0.784420     -0.621893     -0.226816     -0.158115     -0.345177     -0.464643     -0.111086      0.146299      0.344986      0.346933      0.146421      0.101049     -0.703505     -0.243369     -0.143143      0.279447     -0.615716     -0.979560E-01 -0.135538     -0.556399     -0.292893     -0.279312     -0.222192     -0.231252     -0.262173     -0.262060     -0.307815     -0.361250     -0.402938     -0.301715     -0.261450     -0.260481     -0.274143     -0.238539     -0.310375     -0.322034     -0.263486     -0.304581     -0.287128     -0.279466    
 1964  0.174110     -0.500221E-01 -0.519066     -0.429754     -0.541876     -0.852224     -0.944647      -1.23017      -1.60353      -1.49707      -1.60635      -1.49637      0.750456E-01 -0.496899      -1.00901      -1.56898      0.332375E-01 -0.933700     -0.883081     -0.103686     -0.308798     -0.284634     -0.236415     -0.238683     -0.266236     -0.246811     -0.298783     -0.330899     -0.357326     -0.255686     -0.182528     -0.189220     -0.284638     -0.247111     -0.292164     -0.265180     -0.275582     -0.289790     -0.266335     -0.289769    
 1965  -1.00743     -0.662672     -0.626417     -0.742685     -0.244457      0.902863E-01  0.174013      0.263409      0.224855      0.634212      0.544130      0.433640      -1.05549     -0.537853      0.175903      0.467732      -1.14938     -0.390965E-01 -0.765930E-01 -0.964293     -0.219889     -0.168122     -0.159748     -0.181035     -0.216869     -0.211530     -0.261356     -0.306162     -0.329320     -0.233898     -0.162578     -0.212325     -0.192410     -0.185884     -0.259682     -0.241932     -0.195866     -0.251045     -0.221903     -0.230970    
 1966  0.458080      0.538538      0.875513      0.345264      0.110233      0.144417      0.245613     -0.700302E-01 -0.873947E-01  0.364132E-01  0.831509E-01 -0.227221      0.476753      0.443670      0.106667      0.107231E-01  0.580685      0.114684      0.204381      0.395525     -0.240315     -0.164692     -0.169600     -0.174982     -0.218390     -0.228390     -0.271879     -0.334444     -0.387509     -0.281801     -0.219205     -0.287436     -0.205777     -0.187657     -0.278238     -0.296172     -0.197235     -0.269266     -0.248220     -0.225167    
 1967 -0.642479     -0.684551     -0.381916     -0.129738E-01  0.165634E-01 -0.208353     -0.210617     -0.329121     -0.451534     -0.311377     -0.219309     -0.287489     -0.518084     -0.126109     -0.249364     -0.327407     -0.302767     -0.199339     -0.310263     -0.161098     -0.307376     -0.195958     -0.188049     -0.162671     -0.194294     -0.225418     -0.251671     -0.315682     -0.377493     -0.240315     -0.171514     -0.220694     -0.263590     -0.181671     -0.264257     -0.263107     -0.246638     -0.254538     -0.237595     -0.254670    
 1968 -0.377680     -0.371021     -0.446436     -0.279375     -0.430147      0.908661E-01 -0.179327     -0.621319E-01 -0.865440E-01  0.437431E-01  0.538280      0.725309     -0.345397     -0.385319     -0.501976E-01  0.165160     -0.335552     -0.157776     -0.695386E-01 -0.301937     -0.231808     -0.122830     -0.149908     -0.129631     -0.144606     -0.199882     -0.245010     -0.345082     -0.415874     -0.273119     -0.201611     -0.249320     -0.191777     -0.141382     -0.263325     -0.296868     -0.189512     -0.246681     -0.225724     -0.213003    
 1969   1.00320       1.17696      0.748983      0.578365      0.498333      0.142296     -0.540733E-02  0.274899      0.504066      0.680683      0.632421      0.490200      0.968490      0.608560      0.137263      0.605723      0.706079      0.332092      0.560417      0.427289     -0.260545     -0.133428     -0.157677     -0.161112     -0.162221     -0.210983     -0.285937     -0.384681     -0.469522     -0.347853     -0.268071     -0.327832     -0.214431     -0.160337     -0.293867     -0.361815     -0.212617     -0.279076     -0.264155     -0.234665    
 1970  0.288450      0.387339      0.127354      0.127676      0.754032E-01 -0.167223     -0.292177     -0.759312      -1.00130      -1.04621     -0.992750      -1.39791      0.388663      0.110144     -0.406237      -1.01342      0.434408     -0.336155     -0.387555      0.284655     -0.347240     -0.189193     -0.189168     -0.194454     -0.220506     -0.279981     -0.365052     -0.450629     -0.545174     -0.465207     -0.363942     -0.428488     -0.288088     -0.201376     -0.365221     -0.458108     -0.278226     -0.342633     -0.336586     -0.292037    
 1971  -1.58982      -1.28569      -1.18980     -0.994934     -0.903067     -0.961824      -1.03907      -1.10914      -1.35465      -1.20334     -0.846769     -0.578760      -1.42447      -1.02927      -1.03668      -1.13492      -1.25036      -1.06045      -1.08807      -1.03457     -0.434140     -0.265764     -0.281947     -0.247750     -0.292837     -0.382967     -0.481580     -0.564819     -0.669214     -0.599153     -0.482834     -0.548907     -0.376131     -0.274178     -0.476455     -0.583734     -0.373248     -0.439861     -0.437659     -0.376991    
 1972 -0.607529     -0.213173     -0.388565E-01  0.288616      0.278364      0.277197      0.297583      0.993996E-01  0.218756      0.523224      0.670721      0.765430     -0.466487      0.176041      0.224727      0.470900     -0.581405      0.243319      0.213311     -0.512259     -0.508617     -0.321378     -0.355277     -0.299601     -0.338552     -0.408331     -0.505514     -0.565298     -0.647346     -0.561054     -0.441800     -0.505377     -0.459634     -0.331143     -0.493048     -0.550066     -0.469361     -0.460774     -0.454845     -0.464855    
 1973  0.750450      0.493868      0.129934     -0.194904     -0.265646     -0.643873     -0.881046      -1.20355      -1.38792      -1.52987      -1.78569      -1.94110      0.669916     -0.110205     -0.909490      -1.56783      0.555605     -0.762823     -0.704946      0.237079     -0.434289     -0.256684     -0.320327     -0.308520     -0.338506     -0.420927     -0.503320     -0.564802     -0.624461     -0.549604     -0.447294     -0.505668     -0.398783     -0.322451     -0.496349     -0.540453     -0.419922     -0.460089     -0.439534     -0.442137    
 1974  -1.93550      -1.37773      -1.03120      -1.02258     -0.973696     -0.895023     -0.993217     -0.672300     -0.943575      -1.11494      -1.00345      -1.02446      -1.75144      -1.00916     -0.853513      -1.02066      -1.60018     -0.916732      -1.08231      -1.33041     -0.435469     -0.282847     -0.331217     -0.336509     -0.353933     -0.454560     -0.518340     -0.613398     -0.673372     -0.610920     -0.505564     -0.550685     -0.407995     -0.340553     -0.528766     -0.596619     -0.425350     -0.491685     -0.472234     -0.449140    
 1975 -0.631720     -0.450272     -0.744097     -0.816704     -0.978346      -1.24686      -1.35973      -1.61341      -1.94815      -2.09501      -1.97618      -2.05139     -0.702151     -0.846382      -1.40667      -2.00645     -0.828157      -1.32720      -1.32599     -0.884995     -0.471853     -0.338471     -0.354224     -0.348587     -0.361638     -0.439219     -0.495541     -0.612119     -0.665838     -0.590858     -0.468963     -0.482476     -0.453670     -0.354816     -0.515626     -0.575220     -0.471953     -0.487157     -0.469149     -0.482189    
 1976  -1.65563      -1.20527     -0.862377     -0.646635     -0.602488     -0.578154     -0.551188     -0.477011     -0.395184      0.867233E-01  0.225620     -0.150570      -1.63743     -0.703833     -0.535451     -0.276136E-01  -1.64098     -0.541777     -0.567680      -1.38287     -0.386903     -0.274234     -0.287987     -0.306735     -0.318237     -0.386198     -0.447601     -0.554304     -0.570517     -0.486499     -0.379786     -0.379696     -0.381205     -0.304320     -0.462701     -0.478934     -0.415237     -0.430599     -0.398225     -0.439674    
 1977 -0.182991E-01 -0.530319E-01 -0.110636     -0.581055E-01 -0.185017      0.693703E-02  0.107492      0.682697E-01  0.293625      0.400293      0.458910      0.506451     -0.739670E-01 -0.117920      0.608996E-01  0.384276     -0.336562E-02  0.388669E-01  0.118074     -0.139980     -0.277002     -0.207132     -0.219444     -0.263446     -0.278585     -0.341380     -0.423822     -0.520487     -0.506240     -0.425862     -0.344237     -0.358039     -0.287943     -0.253825     -0.428563     -0.425446     -0.324927     -0.388993     -0.347140     -0.367116    
 1978  0.484692      0.291348     -0.187073E-01 -0.412615     -0.227657     -0.376343     -0.453556     -0.449591     -0.374014     -0.438936     -0.249819     -0.744591E-01  0.427497     -0.219660     -0.426497     -0.354256      0.353831     -0.382296     -0.191638      0.131313     -0.258045     -0.204095     -0.197087     -0.232061     -0.234636     -0.282896     -0.384854     -0.466792     -0.459403     -0.374501     -0.296866     -0.305377     -0.273393     -0.221261     -0.378181     -0.376923     -0.297894     -0.343440     -0.308051     -0.332292    
 1979  0.117241     -0.867271E-02  0.103443      0.151834     -0.126972E-01 -0.631638E-01 -0.315666E-01 -0.309570     -0.186684     -0.629463E-01  0.255110      0.389629      0.113697E-01  0.808599E-01 -0.134767      0.182657E-02 -0.918671E-01 -0.753079E-01  0.284964E-01 -0.146033     -0.212682     -0.169635     -0.171178     -0.195363     -0.186884     -0.226878     -0.317616     -0.409961     -0.398125     -0.311898     -0.239767     -0.236350     -0.229232     -0.184475     -0.318152     -0.316597     -0.255040     -0.289138     -0.256361     -0.287534    
 1980  0.446720      0.460478      0.312754      0.312645      0.432343      0.345066      0.189962     -0.149271     -0.159874      0.986538E-01  0.116590      0.668392E-01  0.432276      0.352581      0.128586      0.184566E-01  0.300291      0.161812      0.206075      0.196998     -0.149568     -0.139633     -0.163617     -0.186949     -0.160777     -0.187871     -0.249152     -0.341341     -0.294133     -0.196345     -0.140051     -0.132088     -0.175184     -0.170447     -0.259455     -0.210176     -0.206805     -0.236704     -0.195127     -0.241844    
 1981 -0.490990E-01 -0.740719E-01 -0.504570E-01 -0.342865     -0.391996     -0.413704     -0.562407     -0.562872     -0.289644     -0.261026     -0.172569      0.120907E-01 -0.187772E-01 -0.261773     -0.512994     -0.241080      0.180759E-01 -0.427248     -0.263218     -0.966077E-01 -0.713592E-01 -0.939980E-01 -0.130292     -0.170473     -0.130726     -0.135626     -0.177130     -0.248488     -0.179632     -0.923114E-01 -0.374523E-01 -0.764422E-02 -0.991485E-01 -0.143830     -0.187081     -0.103132     -0.127356     -0.173679     -0.122928     -0.173799    
 1982  0.497799E-01 -0.827522E-01  0.192663      0.502325      0.560343      0.625446      0.296484      0.229479      0.439285      0.793644      0.707500      0.607731     -0.696053E-02  0.418444      0.383803      0.646810     -0.436356E-01  0.442227      0.410161      0.948118E-03  0.227574E-01 -0.782508E-02 -0.545087E-01 -0.130810     -0.818957E-01 -0.786125E-01 -0.118132     -0.181207     -0.114281     -0.523764E-01  0.193569E-02  0.385387E-01  0.242936E-02 -0.890713E-01 -0.125984     -0.549071E-01 -0.294974E-01 -0.117490     -0.630346E-01 -0.894627E-01
 1983  0.472290      0.424177      0.345554      0.219095      0.331354      0.177557     -0.100576     -0.259741     -0.671715     -0.773056     -0.875050     -0.730160      0.501399      0.298668     -0.609200E-01 -0.773274      0.558483     -0.506710E-01 -0.120023      0.420346      0.545748E-01  0.375899E-01 -0.561773E-02 -0.103742     -0.660777E-01 -0.661695E-01 -0.106985     -0.156731     -0.107088     -0.798146E-01 -0.401469E-01 -0.239510E-01  0.435678E-01 -0.584792E-01 -0.109962     -0.756832E-01  0.124408E-01 -0.101132     -0.553466E-01 -0.479137E-01
 1984 -0.750099     -0.618841     -0.728636     -0.702625     -0.615656     -0.596094     -0.428926     -0.479490     -0.434225     -0.619707     -0.772110     -0.854860     -0.699700     -0.682306     -0.501503     -0.608681     -0.745974     -0.542836     -0.633439     -0.618521     -0.211689E-01 -0.209320E-01 -0.487724E-01 -0.141743     -0.107773     -0.116367     -0.155594     -0.181495     -0.139740     -0.147320     -0.140069     -0.124407     -0.220172E-01 -0.994293E-01 -0.151152     -0.142376     -0.391309E-01 -0.140452     -0.112115     -0.809561E-01
 1985 -0.554829     -0.609112     -0.895447     -0.968374     -0.814247     -0.765663     -0.554756     -0.433811     -0.377655     -0.279177     -0.213200     -0.135759     -0.672934     -0.892689     -0.584743     -0.290011     -0.717678     -0.652418     -0.550169     -0.683083     -0.119258     -0.912618E-01 -0.999490E-01 -0.191984     -0.154566     -0.161113     -0.188136     -0.176085     -0.125730     -0.139989     -0.146799     -0.110722     -0.111643     -0.148833     -0.175112     -0.137506     -0.120378     -0.166269     -0.142133     -0.142230    
 1986 -0.168348     -0.133732     -0.445271E-01 -0.165455     -0.165577     -0.144329E-01  0.842838E-01  0.200449      0.324345      0.351563      0.514610      0.422680     -0.145946     -0.125186      0.901000E-01  0.396839     -0.162457      0.439355E-01  0.100488     -0.223869     -0.939749E-01 -0.549023E-01 -0.686520E-01 -0.149654     -0.119814     -0.123194     -0.129442     -0.959878E-01 -0.650138E-01 -0.650425E-01 -0.706804E-01 -0.318214E-01 -0.865332E-01 -0.112707     -0.116208     -0.669122E-01 -0.102507     -0.113851     -0.890150E-01 -0.124805    
 1987  0.376751      0.598888      0.587183      0.253984      0.354683      0.583477      0.651983      0.736429      0.881126      0.934153      0.957680      0.856859      0.466106      0.398617      0.657296      0.924320      0.475279      0.576947      0.647766      0.387741     -0.257174E-01  0.337647E-01 -0.148210E-01 -0.997094E-01 -0.726660E-01 -0.829923E-01 -0.617502E-01 -0.342983E-01 -0.404988E-01 -0.445651E-01 -0.495268E-01 -0.906199E-02 -0.792469E-02 -0.623988E-01 -0.596803E-01 -0.448636E-01 -0.290530E-01 -0.653192E-01 -0.418202E-01 -0.600108E-01
 1988  0.725990      0.547728      0.261293     -0.183355     -0.450996     -0.704023     -0.775116     -0.628241     -0.817665      -1.52156      -1.59024      -1.67466      0.710192     -0.124353     -0.702460      -1.30982      0.713951     -0.593233     -0.567570      0.434572     -0.137735E-02  0.759608E-01  0.491300E-02 -0.931219E-01 -0.813820E-01 -0.895118E-01 -0.358367E-01 -0.487630E-02  0.140683E-02 -0.329447E-01 -0.231557E-01  0.193290E-01  0.218405E-01 -0.565303E-01 -0.434083E-01 -0.182312E-01 -0.394292E-02 -0.505537E-01 -0.217164E-01 -0.353517E-01
 1989  -1.63893      -1.43549      -1.03965     -0.837435     -0.623266     -0.739433     -0.682186     -0.626190     -0.396065     -0.330437     -0.402920     -0.193005E-01  -1.58303     -0.833450     -0.682603     -0.376474      -1.48342     -0.650763     -0.730942      -1.11014      0.373802E-01  0.979024E-01  0.411899E-01 -0.438578E-01 -0.357106E-01 -0.355018E-01  0.357843E-01  0.885586E-01  0.109269      0.840624E-01  0.114785      0.163287      0.515372E-01 -0.127928E-01  0.296137E-01  0.102706      0.232835E-01  0.197570E-01  0.547624E-01 -0.122297E-02
 1990  0.241100      0.480698      0.432314      0.297075      0.107054      0.126417      0.189743      0.275539      0.329695      0.512764      0.640030      0.749470      0.234166      0.278814      0.197233      0.494163      0.669091E-01  0.220921      0.365158     -0.643701E-01  0.152245      0.202013      0.172316      0.888126E-01  0.836055E-01  0.739757E-01  0.128013      0.177102      0.170050      0.153004      0.185676      0.243584      0.172515      0.114911      0.126364      0.169577      0.148118      0.120260      0.152533      0.114060    
 1991  0.662191      0.632898      0.455923      0.519306      0.628323      0.563326      0.611704      0.614269      0.435116      0.823803      0.826361      0.907480      0.681520      0.534517      0.596433      0.695093      0.608879      0.562007      0.640058      0.513267      0.208955      0.258471      0.246491      0.166199      0.146370      0.117180      0.147020      0.180055      0.147410      0.123102      0.143663      0.204878      0.237003      0.186353      0.148085      0.138058      0.216030      0.150706      0.174149      0.183425    
 1992  0.703640      0.983618      0.762903      0.639055      0.482994      0.452446      0.476204      0.286129      0.204826      0.118362      0.131641      0.167530      0.864913      0.628317      0.404926      0.151610      0.834634      0.423609      0.450779      0.686949      0.183773      0.228267      0.223049      0.186232      0.157400      0.958432E-01  0.127718      0.156561      0.113393      0.842291E-01  0.107159      0.170045      0.205639      0.188894      0.126707      0.101594      0.184455      0.139525      0.152806      0.168391    
 1993  0.305231      0.201729      0.169994      0.214115      0.234383      0.220167      0.237974      0.272049      0.400856      0.134634      0.228231      0.277861      0.224830      0.206164      0.243397      0.254574      0.182415      0.263257      0.241435      0.227526      0.169113      0.219715      0.219298      0.226638      0.192439      0.976922E-01  0.134826      0.139556      0.103759      0.875351E-01  0.114447      0.175404      0.186291      0.212792      0.124025      0.101914      0.161593      0.149152      0.156702      0.157000    
 1994  0.192110      0.424385E-01  0.172462      0.287636      0.394743      0.441496      0.664944      0.857418      0.650455      0.812744      0.883421       1.01628      0.170803      0.284947      0.654619      0.782207      0.174623      0.549449      0.534679      0.256874      0.170757      0.221358      0.217791      0.231262      0.198446      0.101768      0.127913      0.110808      0.755240E-01  0.765621E-01  0.914677E-01  0.128063      0.189173      0.215833      0.113496      0.811846E-01  0.164549      0.140953      0.145977      0.158076    
 1995  0.800261      0.811829      0.825974      0.694775      0.561674      0.386297      0.195944      0.158310E-03 -0.246725     -0.332796     -0.450899     -0.400959      0.876123      0.694141      0.194133     -0.343473      0.858418      0.265354      0.237128      0.747173      0.983281E-01  0.123498      0.121160      0.143790      0.125037      0.543656E-01  0.754596E-01  0.564931E-01  0.163965E-01 -0.157841E-02 -0.886073E-02 -0.140933E-01  0.116629      0.129996      0.621061E-01  0.198582E-02  0.106513      0.785903E-01  0.658329E-01  0.106376    
 1996 -0.389238     -0.425522     -0.282436     -0.280884     -0.286207     -0.302303     -0.286276     -0.174471     -0.259384     -0.192867     -0.879688E-01 -0.862503E-01 -0.405240     -0.283176     -0.254350     -0.180073     -0.380308     -0.264921     -0.254484     -0.266822     -0.497204E-01 -0.369257E-01 -0.184595E-01  0.198015E-01  0.210464E-01 -0.162274E-01  0.197716E-01 -0.224886E-02 -0.250884E-01 -0.797434E-01 -0.102978     -0.128626     -0.335798E-01  0.746281E-02  0.431770E-03 -0.692698E-01 -0.216064E-01  0.284248E-02 -0.332831E-01  0.361097E-02
 1997  0.939903E-01  0.286589      0.356253      0.770086      0.695923      0.444607      0.636513      0.641468      0.784525      0.701134      0.830191      0.669140      0.981097E-01  0.607421      0.574196      0.771950      0.616244E-01  0.662187      0.575868      0.130019     -0.134501     -0.126181     -0.902684E-01 -0.295315E-01 -0.706258E-02 -0.256474E-01  0.175985E-01  0.153209E-02 -0.512390E-02 -0.729862E-01 -0.906176E-01 -0.124439     -0.129769     -0.422875E-01 -0.217225E-02 -0.562426E-01 -0.110383     -0.803912E-02 -0.572690E-01 -0.610087E-01
 1998  0.715561      0.688988      0.417192      0.108656     -0.914574E-01 -0.528173     -0.617487     -0.873371     -0.913744      -1.22242      -1.31699      -1.37977      0.691230      0.144797     -0.673010      -1.15105      0.670368     -0.485929     -0.417751      0.464478     -0.128644     -0.118375     -0.822024E-01 -0.175369E-01  0.142836E-02 -0.425394E-02  0.391800E-01  0.294435E-01  0.148261E-01 -0.228912E-01 -0.338686E-01 -0.733173E-01 -0.123819     -0.327703E-01  0.214566E-01 -0.139779E-01 -0.102877      0.105145E-01 -0.330176E-01 -0.519683E-01
 1999  -1.59563      -1.54388      -1.22568      -1.03697     -0.862677     -0.833763     -0.978077     -0.956032     -0.864695     -0.849037      -1.13576      -1.26101      -1.50643      -1.04178     -0.922624     -0.949831      -1.38073     -0.922036      -1.09527      -1.11853     -0.957144E-01 -0.677116E-01 -0.522903E-01 -0.386145E-02 -0.104751E-01 -0.316644E-02  0.409469E-01  0.245040E-01  0.160371E-01 -0.518975E-02 -0.193946E-01 -0.633289E-01 -0.789145E-01 -0.222090E-01  0.207615E-01 -0.284909E-02 -0.576323E-01  0.106642E-01 -0.199704E-01 -0.233206E-01
 2000  -1.25077      -1.36812      -1.31428      -1.25282      -1.12172     -0.727304     -0.563437     -0.480911     -0.384224     -0.531446     -0.633699     -0.851940      -1.29330      -1.22961     -0.590551     -0.516456      -1.19650     -0.755069     -0.873389      -1.08997     -0.721209E-01 -0.481181E-01 -0.549223E-01 -0.996300E-02 -0.214296E-01 -0.687394E-02  0.299379E-01  0.206291E-01  0.421301E-01  0.221582E-01  0.341782E-02 -0.536900E-01 -0.611893E-01 -0.287716E-01  0.145643E-01  0.225687E-01 -0.438458E-01  0.907176E-02 -0.124037E-01 -0.183211E-01
 2001 -0.806910     -0.726751     -0.589876     -0.410574     -0.222706      0.518608E-02  0.251123      0.195879      0.319336      0.304714      0.217751      0.218241     -0.795200     -0.407719      0.150729      0.280600     -0.690104      0.230407E-01 -0.103716     -0.516441     -0.656959E-01 -0.575886E-01 -0.691154E-01 -0.882857E-02 -0.677558E-02  0.185820E-01  0.553913E-01  0.618515E-01  0.111228      0.991518E-01  0.829193E-01  0.135269E-01 -0.589915E-01 -0.282398E-01  0.452750E-01  0.977664E-01 -0.367524E-01  0.385748E-01  0.195539E-01 -0.104032E-01
 2002  0.477131      0.558159      0.372524      0.582275      0.771843      0.822186      0.793324      0.780138      0.719896      0.772593      0.987452      0.940510      0.417844      0.575547      0.798549      0.826647      0.358087      0.744944      0.714836      0.424263     -0.350679E-01 -0.514520E-01 -0.732624E-01 -0.273957E-01 -0.175690E-01  0.290919E-01  0.532194E-01  0.584625E-01  0.949776E-01  0.774073E-01  0.510182E-01 -0.157141E-01 -0.243311E-01 -0.394090E-01  0.469246E-01  0.744677E-01  0.596922E-02  0.317978E-01  0.119763E-01  0.207012E-01
 2003  0.648880      0.783308      0.721693      0.510786      0.115353      0.278296      0.352484      0.336269      0.284786      0.482304      0.507401      0.527309      0.790899      0.449277      0.322350      0.424830      0.809073      0.312996      0.462406      0.671019     -0.107415     -0.146439     -0.150817     -0.106815     -0.904585E-01 -0.284365E-02  0.162194E-01  0.315865E-01  0.454507E-01  0.432344E-01 -0.139839E-02 -0.667041E-01 -0.898562E-01 -0.116030      0.149874E-01  0.290955E-01 -0.486601E-01 -0.178100E-01 -0.447000E-01 -0.237848E-01
 2004  0.507051      0.474129      0.219004      0.264475      0.275703      0.405117      0.585773      0.694408      0.790745      0.819103      0.893730      0.966600      0.502830      0.253061      0.561766      0.834526      0.452866      0.502704      0.574653      0.386336     -0.175356     -0.215311     -0.195459     -0.113960     -0.819919E-01  0.414993E-01  0.854944E-01  0.122172      0.139153      0.175090      0.155195      0.936409E-01 -0.152457     -0.130470      0.830551E-01  0.156479     -0.101832      0.320611E-01  0.251387E-02 -0.560159E-01
 2005  0.957191      0.772009      0.726793      0.595905      0.461624      0.348526      0.549335E-01  0.856686E-01  0.134846      0.207804     -0.495911E-02 -0.158501      0.898600      0.594774      0.163043      0.112564      0.855904      0.280251      0.348487      0.717701     -0.165482E-01 -0.581922E-01 -0.486572E-01  0.300657E-01  0.380647E-01  0.130651      0.153721      0.167738      0.168339      0.221241      0.234130      0.195698      0.630016E-02  0.649107E-02  0.150704      0.207903      0.500880E-01  0.114763      0.101354      0.705108E-01
 2006 -0.417669     -0.575111     -0.467117     -0.159325      0.106924      0.244587      0.363804      0.564468      0.741005      0.806404       1.05612       1.01563     -0.383760     -0.173173      0.390953      0.867843     -0.235926      0.310244      0.273310     -0.789933E-01  0.800828E-01  0.478045E-01  0.551614E-01  0.118760      0.982134E-01  0.143423      0.121988      0.101811      0.719806E-01  0.118479      0.144278      0.114200      0.107862      0.907116E-01  0.122408      0.111579      0.139020      0.109363      0.101349      0.140359    
 2007  0.734982      0.558908      0.457993      0.277185      0.869236E-01  0.107916     -0.570068E-01 -0.165251     -0.540874     -0.733027     -0.951920      -1.01756      0.769840      0.274034     -0.381139E-01 -0.741940      0.771673     -0.485179E-01 -0.103478      0.564278     -0.166853E-01 -0.327797E-01 -0.137809E-02  0.605538E-01  0.326339E-01  0.744677E-01  0.485474E-01  0.388448E-01  0.252953E-02  0.461157E-01  0.676763E-01  0.181739E-01  0.215783E-01  0.306032E-01  0.539533E-01  0.387738E-01  0.543522E-01  0.429295E-01  0.282250E-01  0.657958E-01
 2008  -1.37238      -1.48307      -1.23564     -0.986824     -0.940247     -0.830194     -0.663967     -0.604172     -0.578884     -0.471716     -0.583210     -0.712870      -1.29100      -1.05424     -0.699444     -0.544603      -1.13227     -0.767381     -0.871931     -0.859500     -0.120499     -0.146026     -0.102067     -0.206557E-01 -0.330616E-01  0.703222E-02 -0.183047E-01 -0.869814E-02 -0.335570E-01  0.747402E-02  0.231022E-01 -0.460514E-01 -0.827835E-01 -0.519281E-01 -0.665686E-02 -0.993621E-03 -0.394376E-01 -0.178741E-01 -0.409426E-01 -0.161158E-01
 2009 -0.866508     -0.749262     -0.465687     -0.843945E-01  0.155443      0.355116      0.453903      0.586470      0.674496       1.03737       1.26233       1.27899     -0.776213     -0.131546      0.465163      0.991399     -0.641542      0.356839      0.303189     -0.439176     -0.183875     -0.205384     -0.142284     -0.380942E-01 -0.211221E-01 -0.277360E-03 -0.541712E-01 -0.425601E-01 -0.633211E-01 -0.245225E-01  0.484975E-02 -0.764883E-01 -0.145103     -0.671668E-01 -0.323362E-01 -0.276647E-01 -0.911697E-01 -0.365910E-01 -0.706042E-01 -0.555893E-01
 2010   1.19627      0.979637      0.861763      0.675116      0.261293     -0.133144     -0.630877      -1.11208      -1.33970      -1.49483      -1.45310      -1.35080       1.15163      0.599391     -0.625367      -1.42921       1.10273     -0.379899     -0.295038      0.761208     -0.221186     -0.211535     -0.119619      0.234259E-02  0.314033E-01  0.444367E-01 -0.195713E-01 -0.604397E-02 -0.273064E-01  0.129513E-01  0.816817E-01 -0.127418E-02 -0.169736     -0.286245E-01  0.627382E-02  0.224422E-01 -0.108084      0.421014E-02 -0.361434E-01 -0.608643E-01
 2011  -1.32133     -0.954573     -0.689547     -0.564625     -0.402746     -0.333534     -0.316097     -0.491491     -0.652355     -0.787148     -0.759880     -0.912859      -1.20890     -0.552306     -0.380374     -0.733128      -1.21070     -0.460141     -0.682182     -0.970645     -0.142789     -0.108814     -0.241461E-01  0.824628E-01  0.917911E-01  0.961439E-01  0.257844E-01  0.204491E-01 -0.219342E-01  0.432396E-02  0.903062E-01  0.237443E-01 -0.842924E-01  0.500359E-01  0.474592E-01  0.242320E-01 -0.303984E-01  0.491162E-01  0.114435E-01  0.292380E-02
 2012 -0.943810     -0.825703     -0.658596     -0.427795     -0.359707     -0.218204     -0.108276      0.208179      0.302565      0.417192      0.433050      0.151091     -0.894124     -0.482033     -0.394337E-01  0.384269     -0.814666     -0.100540     -0.169168     -0.612804     -0.984567E-01 -0.425684E-01  0.389973E-01  0.133403      0.134098      0.130747      0.465078E-01  0.147991E-01 -0.369262E-01 -0.200976E-01  0.551308E-01 -0.798213E-03 -0.390936E-01  0.102166      0.640181E-01 -0.630990E-03  0.272447E-02  0.704382E-01  0.295697E-01  0.365745E-01
 2013 -0.644875E-02 -0.977516E-01 -0.260967     -0.103334     -0.670071E-01 -0.300236E-01 -0.829563E-01 -0.426311E-01 -0.196152E-01  0.648727E-01  0.170321      0.322208E-01  0.156302E-01 -0.143769     -0.518703E-01  0.718595E-01  0.106028     -0.575946E-01 -0.369433E-01  0.698558E-01 -0.743192E-01  0.448802E-02  0.865246E-01  0.190245      0.204734      0.201854      0.109230      0.676818E-01  0.233815E-01  0.382028E-01  0.124970      0.696640E-01 -0.167001E-01  0.160501      0.126255      0.621849E-01  0.152015E-01  0.132854      0.872214E-01  0.563711E-01
 2014 -0.105148      0.168028      0.397324      0.529825      0.696854      0.567245      0.303883      0.396069      0.499865      0.596603      0.865761      0.852951      0.317003E-01  0.541334      0.422399      0.654076      0.121270      0.498957      0.480772      0.198028      0.486366E-01  0.136330      0.196782      0.275640      0.274986      0.253547      0.134437      0.766856E-01  0.205081E-01  0.942354E-02  0.997246E-01  0.445586E-01  0.102936      0.249136      0.154890      0.432187E-01  0.121332      0.172634      0.130938      0.139396    
 2015  0.823172      0.955088       1.00177       1.13929       1.09098       1.08068       1.02882       1.11433       1.14602       1.17978       1.55965       1.45943      0.877070       1.07735       1.07461       1.29515      0.849224       1.10002       1.13158      0.800509      -999.900      -999.900      -999.900      -999.900      -999.900      -999.900      -999.900      -999.900      -999.900      -999.900      -999.900      -999.900      -999.900      -999.900      -999.900      -999.900      -999.900      -999.900      -999.900      -999.900    
 2016   1.28429       1.29623       1.16737      0.899694      0.685324      0.546576      0.297033      0.656681E-01 -0.162724     -0.338118     -0.335999     -0.101931       1.34665      0.917463      0.303092     -0.278947       1.32446      0.388595      0.441951       1.11396      -999.900      -999.900      -999.900      -999.900      -999.900      -999.900      -999.900      -999.900      -999.900      -999.900      -999.900      -999.900      -999.900      -999.900      -999.900      -999.900      -999.900      -999.900      -999.900      -999.900    
 2017 -0.803299E-01  0.124779E-01  0.863743E-01  0.236965      0.354664      0.497997      0.424232      0.220549      0.630150E-01 -0.769367E-01 -0.263309     -0.390850     -0.565943E-01  0.226001      0.380926     -0.924102E-01 -0.126254      0.299570      0.904041E-01  0.443398E-01  -999.900      -999.900      -999.900      -999.900      -999.900      -999.900      -999.900      -999.900      -999.900      -999.900      -999.900      -999.900      -999.900      -999.900      -999.900      -999.900      -999.900      -999.900      -999.900      -999.900    

