# sst [degree_C]
# series: averaged file ./data/iersst_nino12a.dat
#year     Jan     Feb     Mar     Apr     May     Jun     Jul     Aug     Sep     Oct     Nov     Dec     DJF     MAM     JJA     SON Oct-Mar Apr-Sep Jan-Dec Jul-Jun; repeated with 10-yr running average
#                                                                                                     (the year is the year of the last month)
 1854 -0.602985     -0.435354      -1.10479      -1.57676      -1.58824     -0.834999E-01 -0.458305     -0.619892     -0.694696      0.590105      0.122658     -0.205982      -999.900      -1.42326     -0.387232      0.602233E-02  -999.900     -0.836899     -0.554812      -999.900      -999.900      -999.900      -999.900      -999.900      -999.900      -999.900      -999.900      -999.900      -999.900      -999.900      -999.900      -999.900      -999.900      -999.900      -999.900      -999.900      -999.900      -999.900      -999.900      -999.900    
 1855 -0.533945     -0.623375      -1.34217      -1.05946     -0.196941     -0.264931     -0.572035     -0.669971     -0.582766       1.08424      -1.05575      -1.28274     -0.454434     -0.866190     -0.502312     -0.184759     -0.332118     -0.557684     -0.591654     -0.440578      -999.900      -999.900      -999.900      -999.900      -999.900      -999.900      -999.900      -999.900      -999.900      -999.900      -999.900      -999.900      -999.900      -999.900      -999.900      -999.900      -999.900      -999.900      -999.900      -999.900    
 1856 -0.457695      -1.70413      -1.61390      -1.56473      -1.69126      -1.43701      -1.66912      -1.01966     -0.742706      0.711956E-01  0.424297      0.364647      -1.14819      -1.62330      -1.37526     -0.824045E-01 -0.838329      -1.35408     -0.920006     -0.962312      -999.900      -999.900      -999.900      -999.900      -999.900      -999.900      -999.900      -999.900      -999.900      -999.900      -999.900      -999.900      -999.900      -999.900      -999.900      -999.900      -999.900      -999.900      -999.900      -999.900    
 1857 -0.656164     -0.582605      -1.01574      -1.45311      -2.66888      -2.81687      0.385284E-03  0.421707      0.232935      0.119055     -0.258732E-01   1.70544     -0.291374      -1.71258     -0.798259      0.108706     -0.232395      -1.04731     -0.561643     -0.980393     -0.591222     -0.578568     -0.836439      -1.44035      -1.63396      -1.08444     -0.667977     -0.439007     -0.303220      0.581627E-01 -0.208207     -0.370528      -999.900      -1.30358     -0.730474     -0.151088      -999.900     -0.928158     -0.674646      -999.900    
 1858   1.05827      0.831575     -0.522043     -0.801805     -0.694372     -0.705511     -0.624214     -0.808092     -0.713076     -0.597374     -0.220383     -0.963522       1.19843     -0.672740     -0.712606     -0.510278      0.527737     -0.724512     -0.396712      0.134980     -0.596871     -0.475563     -0.795405      -1.37835      -1.60534     -0.895366     -0.441262     -0.341832     -0.250243      0.124625     -0.397214E-01 -0.245248     -0.482324      -1.25970     -0.559486     -0.551131E-01 -0.392671     -0.818732     -0.578381     -0.643289    
 1859  -1.18840      -1.67179     -0.523739E-01  -1.11749      -1.37067      -1.89668      -1.35219      -1.46750      -1.45716     -0.699625      0.243757      0.233227      -1.27457     -0.846845      -1.57212     -0.637676     -0.782307      -1.44361     -0.983075     -0.935339     -0.538328     -0.391849     -0.723973      -1.33461      -1.60357     -0.879460     -0.323006     -0.279471     -0.176055      0.116765      0.209624E-01  0.302378E-01 -0.389911      -1.22072     -0.493979     -0.127759E-01 -0.298126     -0.766029     -0.506863     -0.555808    
 1860  -1.17205     -0.169565     -0.120213      -3.33638      -3.80637      -2.25196     -0.763134      -1.01789     -0.661217      -1.30088      -2.58506      -1.76088     -0.369463      -2.42099      -1.34433      -1.51572     -0.280745      -1.97283      -1.57880      -1.27967     -0.518988     -0.421693     -0.642795      -1.36909      -1.65333     -0.949845     -0.362813     -0.226736     -0.901629E-01  0.601237E-01  0.108255      0.205295     -0.303481      -1.22174     -0.513131      0.260720E-01 -0.235918     -0.775329     -0.488481     -0.513859    
 1861 -0.860334     -0.303434      -1.00263     -0.631916     -0.925091     -0.521931     -0.889975       1.05822       1.83191      0.541286      0.198967     -0.375153     -0.974883     -0.853212     -0.117895      0.857388      -1.30220     -0.131305E-01 -0.156673      -1.02787     -0.421953     -0.303624     -0.519592      -1.31032      -1.57778     -0.924107     -0.331443     -0.160246     -0.320314E-01  0.578919E-03  0.145188      0.263317     -0.173428      -1.13590     -0.471932      0.379118E-01 -0.145249     -0.722655     -0.431002     -0.446952    
 1862  -1.22416     -0.518295     -0.671743      -1.40264      -1.89362       1.52134       1.30157      0.783037      0.418804       1.37276       2.25526      -1.72905     -0.705869      -1.32267       1.20198       1.34894     -0.341516      0.121415      0.177719E-01 -0.151989     -0.290264     -0.167909     -0.502151      -1.29766      -1.29845     -0.676135     -0.248440     -0.136264     -0.128279E-01 -0.994603E-02  0.145745      0.107297     -0.649523E-01  -1.03275     -0.353613      0.409904E-01 -0.918735E-01 -0.611629     -0.365584     -0.362267    
 1863 -0.656147E-01   1.31824     -0.221483     -0.300076     -0.830582     -0.978413E-01   1.67006      0.185278     -0.186768E-01  0.635529E-02  0.529547       3.36831     -0.158808     -0.450714      0.585832      0.172408      0.488352      0.101360      0.461960      0.350419     -0.364221     -0.203355     -0.442766      -1.28061     -0.960782     -0.360296     -0.150012     -0.536350E-01  0.589873E-01  0.616786E-01  0.233252      0.884128E-01 -0.153426     -0.894720     -0.187981      0.117973     -0.127874     -0.457725     -0.281112     -0.313872    
 1864  0.366154E-01 -0.554874     -0.250084      -1.78026      -2.32761     -0.562910     -0.204515      0.100208      0.557493      0.551176      0.767067       1.69018      0.950017      -1.45265     -0.222406      0.625245      0.522645     -0.702932     -0.164793      0.251459E-01 -0.307369     -0.157326     -0.317806      -1.16528     -0.805335     -0.167086      0.237776E-01  0.915504E-01  0.206347      0.138553      0.214815      0.107094     -0.125427     -0.762808     -0.172526E-01  0.186572     -0.665263E-01 -0.302672     -0.178173     -0.223460    
 1865 -0.786745      -1.10073     -0.573313      -1.54550     -0.452702      -1.19323      -1.62195     -0.335373     -0.117105     -0.966454E-02  0.456982E-01  0.322237     -0.657650E-01 -0.857172      -1.05018     -0.270238E-01  0.912725E-01 -0.877643     -0.614031     -0.182551     -0.179049     -0.101402     -0.321757     -0.947057     -0.580842     -0.919848E-01  0.111781E-01  0.149099      0.237689      0.122241      0.178974      0.546532E-01 -0.577858E-01 -0.616552      0.227640E-01  0.179635     -0.236245E-01 -0.203653     -0.122355     -0.119996    
 1866   1.73580       1.13460      0.813065E-01  0.965939E-01  0.754681E-01  0.605011E-02  0.818634E-02 -0.244522E-01 -0.457363E-01 -0.257950E-01  0.614967E-01 -0.798931E-01   1.06421      0.844562E-01 -0.340525E-02 -0.334487E-02  0.551663      0.193517E-01  0.251969      0.117805     -0.210044     -0.874227E-01 -0.226927     -0.688613     -0.354941     -0.249518E-01 -0.404324E-02  0.135459      0.148705      0.118690      0.246184      0.779571E-01 -0.809378E-01 -0.423494      0.354881E-01  0.171193     -0.280875E-01 -0.131397     -0.724956E-01 -0.699221E-01
 1867 -0.215885     -0.707035      -2.36212      -2.86110       1.15095      0.699509     -0.168648E-01 -0.938625E-01 -0.799656E-01  0.554657E-02  0.348078     -0.970413     -0.334271      -1.35742      0.196261      0.912197E-01 -0.554872     -0.200222     -0.425264     -0.366823     -0.181629     -0.714707E-01 -0.152206     -0.599775     -0.340384     -0.132468     -0.673717E-01  0.397589E-01  0.809486E-01  0.792953E-01  0.128816     -0.152518E-01 -0.583807E-01 -0.364122     -0.533602E-01  0.963533E-01  0.625431E-02 -0.169882     -0.102645     -0.629150E-01
 1868 -0.861135      0.247086       2.01203      0.947094       2.23918       2.09489       1.36159       1.36006       1.03613      0.948626       1.15581       1.33465     -0.528154       1.73277       1.60551       1.04686      0.130199       1.50649       1.15633      0.489305     -0.220197     -0.306125     -0.359429     -0.771918     -0.385496     -0.296405     -0.292071     -0.384635E-01  0.298946E-02 -0.475117E-01 -0.921365E-01 -0.312615     -0.180525     -0.505614     -0.208980     -0.455530E-01 -0.115482     -0.296894     -0.259948     -0.174448    
 1869   1.86803     -0.166716     -0.872536E-01 -0.559826      -1.19527     -0.832870      0.137806     -0.731943     -0.259176     -0.708134      -1.50119      -1.69133       1.01199     -0.614116     -0.475669     -0.822833      0.842191     -0.573547     -0.477323      0.518580     -0.357385     -0.598369     -0.612527     -0.943991     -0.398749     -0.390024     -0.432942     -0.586841E-01 -0.933636E-01 -0.245362     -0.316097     -0.695481     -0.422789     -0.651756     -0.293884     -0.218274     -0.336757     -0.386292     -0.428581     -0.340071    
 1870  -1.66208     -0.556154     -0.164352      0.470505      0.508089      -1.81375      -2.50512     -0.602482      -1.23235      -1.61862      -1.55692     -0.885132      -1.30319      0.271414      -1.64045      -1.46930      -1.04721     -0.862518     -0.968197     -0.664309     -0.405688     -0.640815     -0.696983     -0.928892     -0.451126     -0.540271     -0.514275     -0.125123     -0.175927     -0.433696     -0.542057     -0.957028     -0.580661     -0.692334     -0.393223     -0.383893     -0.500071     -0.455936     -0.534323     -0.458809    
 1871 -0.990194      0.362736      0.938116      0.730074     -0.721531      0.380520      0.547585      0.370028      0.623363      0.788015      0.515018     -0.784822     -0.504197      0.315553      0.432711      0.642132     -0.625002      0.321673      0.229909     -0.641742     -0.590668     -0.792902     -0.812559      -1.04864     -0.669866     -0.704135     -0.605264     -0.212419     -0.202331     -0.435022     -0.584553     -0.999864     -0.780199     -0.843690     -0.507273     -0.407302     -0.688152     -0.573776     -0.638186     -0.613907    
 1872 -0.525995     -0.865425      -1.11807     -0.987865      -1.80605      -1.53143      -1.40256     -0.442781      0.272215      0.338135     -0.408152      -3.18356     -0.725414      -1.30400      -1.12559      0.673993E-01 -0.331880     -0.983078     -0.971795     -0.397971     -0.701342     -0.895551     -0.773290     -0.852765     -0.761703     -0.697810     -0.511918     -0.874517E-01 -0.421726E-02 -0.177107     -0.355407     -0.711333     -0.865586     -0.795920     -0.432393     -0.178911     -0.731604     -0.485978     -0.544158     -0.643493    
 1873  -1.53515      -3.02772      -3.91961      -4.15771      -1.82038     -0.323820     -0.119804     -0.153353      -1.43127      -1.49516      -1.22609      -1.12444      -2.58214      -3.29923     -0.198992      -1.38417      -1.95601      -1.33439      -1.69454      -1.63426     -0.405778     -0.674323     -0.623827     -0.612446     -0.846660     -0.707753     -0.438868      0.175979E-01  0.121684     -0.317223E-01 -0.227784     -0.556086     -0.597144     -0.694311     -0.376341     -0.459407E-01 -0.491296     -0.411074     -0.415497     -0.476518    
 1874  -1.23760      -2.05379      -1.61392      -1.36409      -1.60288      -2.20931      -1.23207      0.344276E-01  0.430241E-01  -1.90432      -1.95651      -1.47439      -1.47194      -1.52696      -1.13565      -1.27260      -1.45850      -1.05515      -1.38095      -1.30264     -0.290638     -0.598668     -0.647231     -0.685490     -0.950918     -0.817492     -0.537971      0.319983E-01  0.112190     -0.520653E-01 -0.237648     -0.582221     -0.481797     -0.761213     -0.441155     -0.591746E-01 -0.392021     -0.474614     -0.438013     -0.425468    
 1875 -0.478594     -0.450726     -0.898603      -1.65969      -2.22498      -2.55176      -2.22105      -1.59838      -1.25391      -1.32084      -1.74992      -1.74413     -0.801237      -1.59442      -2.12373      -1.44156      -1.19386      -1.91830      -1.51272      -1.22952     -0.357160     -0.566351     -0.626419     -0.647963     -0.927783     -0.723477     -0.436407      0.125443      0.207775      0.700134E-01 -0.100389     -0.492988     -0.501911     -0.734055     -0.344813      0.591332E-01 -0.403644     -0.400402     -0.372975     -0.426239    
 1876  -2.27196      -2.55716      -1.90493      -2.18425      -2.52704      -1.91271      -1.21249     -0.507362      0.562994       1.25885       1.00719       1.12975      -2.19108      -2.20541      -1.21085      0.943011      -1.92482      -1.29681     -0.926593      -1.93719     -0.263121     -0.471750     -0.584453     -0.641945     -0.898378     -0.673634     -0.397060      0.641229E-01  0.166177      0.646855E-01 -0.176700     -0.528350     -0.409286     -0.708259     -0.335524      0.180541E-01 -0.307115     -0.396786     -0.361700     -0.346653    
 1877   1.57840      0.931746      0.409496       3.33731       1.91672       2.74477       3.07072       2.88840       3.27358       3.87920       3.98531       3.59056       1.21330       1.88784       2.90130       3.71270       1.05257       2.87192       2.63385       1.09645     -0.216743     -0.472501     -0.583305     -0.699209     -0.893002     -0.791961     -0.499120     -0.104624     -0.356833E-01 -0.792377E-01 -0.348946     -0.459506     -0.405865     -0.725172     -0.465235     -0.154622     -0.318819     -0.503933     -0.431987     -0.371987    
 1878   3.25587       3.03288       2.22968     -0.444935     -0.225731     -0.149221     -0.264984      0.478788      0.200603     -0.173244E-01  0.710468E-01 -0.121382       3.29310      0.519671      0.215277E-01  0.847751E-01   3.32892     -0.675800E-01  0.670441       2.36553     -0.175318     -0.343881     -0.386957     -0.486080     -0.829879     -0.910806     -0.556276     -0.202848     -0.707658E-01 -0.190139E-01 -0.249074     -0.272750     -0.326235     -0.567639     -0.556643     -0.112951     -0.298974     -0.509442     -0.375304     -0.388336    
 1879  0.538158E-01  -1.43941     -0.772984     -0.628666     -0.815531     -0.783541     -0.217674      0.437338      0.386475     -0.149044     -0.613722     -0.757992     -0.502325     -0.739060     -0.187959     -0.125430     -0.371040     -0.270267     -0.441745     -0.336631     -0.576610E-01 -0.109512     -0.967781E-01 -0.183632     -0.662845     -0.863622     -0.541615     -0.192573      0.423886E-01  0.211543     -0.332819E-01 -0.161866     -0.146641     -0.314418     -0.532603      0.735498E-01 -0.134131     -0.400316     -0.220788     -0.278731    
 1880  -1.17830       1.36287      0.937626       1.28988      0.591059      0.172195E-01 -0.118364      0.971375E-01  0.336933E-01  0.263866      0.300808     -0.338116E-01 -0.191141      0.939522     -0.133567E-02  0.199456     -0.664270E-01  0.318438      0.296974      0.175478      0.165508E-01  0.142470E-01  0.298197E-01 -0.829891E-01 -0.539770     -0.733829     -0.486329     -0.108156      0.138248      0.383354      0.191999     -0.106232E-02 -0.436893E-01 -0.197646     -0.442772      0.237867      0.128354E-01 -0.302138     -0.981598E-01 -0.164281    
 1881  0.406805      0.335726      0.675447      0.310650E-01 -0.216393     -0.453600      -1.05223      -1.55600      -1.47464      -1.20103      -2.86894      -2.34338      0.236240      0.163373      -1.02061      -1.84820      0.324807     -0.786966     -0.809764      0.110198      0.143786      0.103224      0.589752E-01 -0.350789E-01 -0.485717     -0.704425     -0.511043     -0.109963      0.125298      0.327203      0.205471     -0.126501E-01  0.819826E-01 -0.153940     -0.441810      0.219324      0.146713     -0.286822     -0.745767E-01 -0.667652E-01
 1882 -0.995445     -0.853436     -0.832443      -1.43414      -2.20368      -3.06384      -1.84394      -1.89169      -1.66698     -0.551285     -0.469112     -0.248133      -1.39742      -1.49009      -2.26649     -0.895792      -1.51578      -2.01738      -1.33784      -1.65660      0.122874      0.945440E-01  0.162712E-01 -0.224350     -0.618272     -0.898168     -0.715767     -0.305657     -0.109844      0.216502E-01 -0.988459E-01 -0.291543      0.682560E-01 -0.275450     -0.639864     -0.623467E-01  0.125619     -0.478676     -0.250592     -0.123565    
 1883 -0.237185     -0.467295     -0.278273      0.551134     -0.160282      -1.16832     -0.821545     -0.668922     -0.193726      0.598736      0.832317     -0.324741     -0.317538      0.375263E-01 -0.886262      0.412442     -0.375214     -0.410277     -0.194842     -0.702613     -0.172736     -0.151552     -0.132958     -0.343713     -0.657573      -1.00387     -0.820086     -0.411102     -0.213351     -0.944747E-01 -0.220983     -0.385577     -0.205277     -0.378082     -0.745020     -0.176270     -0.137664     -0.574949     -0.383998     -0.330201    
 1884 -0.182434      0.731544E-01  0.548326     -0.239658E-01  0.776882E-01 -0.421122     -0.237114      0.755497       1.06857      0.612915      0.300917     -0.564022E-01 -0.144674      0.200683      0.324203E-01  0.660801      0.257560      0.203259      0.209669     -0.421862E-01 -0.272189     -0.187017     -0.157385     -0.210032     -0.528513     -0.910940     -0.771313     -0.447273     -0.213775     -0.471915E-01 -0.144295     -0.303237     -0.281594     -0.298643     -0.709842     -0.135087     -0.219604     -0.513641     -0.349430     -0.367637    
 1885 -0.495243E-01 -0.102486     -0.528893     -0.986956      -1.44403      -1.74410      -2.11028     -0.631123     -0.362276     -0.401844      0.498268      0.539474E-01 -0.694708E-01 -0.986626      -1.49517     -0.886173E-01  0.294211E-01  -1.21313     -0.650775     -0.200967     -0.162863     -0.171188     -0.210358     -0.282456     -0.585425     -0.934130     -0.870985     -0.598091     -0.351748     -0.159056     -0.245962     -0.354125     -0.212429     -0.359413     -0.801068     -0.252255     -0.173189     -0.603806     -0.410532     -0.356125    
 1886 -0.156334      -1.12585      -1.69153      -1.89878      -2.22694      -2.13229      -1.81755      -1.51074     -0.587635     -0.783165     -0.971561     -0.900082     -0.409412      -1.93908      -1.82019     -0.780787     -0.470557      -1.69566      -1.31687      -1.01542     -0.143508     -0.281814     -0.316012     -0.312414     -0.587056     -0.892163     -0.853622     -0.594076     -0.350679     -0.189459     -0.202164     -0.280494     -0.259816     -0.405160     -0.779954     -0.247434     -0.250079     -0.598335     -0.416955     -0.426078    
 1887 -0.955454     -0.673174     -0.657984     -0.733585      -1.03448     -0.910501     -0.418705     -0.221119E-01 -0.278635     -0.189844     -0.122272      0.425377E-01 -0.842903     -0.808683     -0.450439     -0.196917     -0.823570     -0.566336     -0.496184     -0.961326     -0.108337     -0.236939     -0.364026     -0.280353     -0.532789     -0.784155     -0.768898     -0.509856     -0.294813     -0.210172     -0.132492     -0.237633     -0.208590     -0.392389     -0.687636     -0.212492     -0.230236     -0.528477     -0.371705     -0.398091    
 1888 -0.122484     -0.284124      0.312567       1.23870       1.93945       1.39198       1.13807       1.28041       1.68269       1.72922       1.73588       1.54596     -0.121357       1.16357       1.27015       1.71593     -0.606032E-01   1.44522       1.13236      0.290588     -0.125536     -0.271708     -0.528328     -0.458449     -0.626593     -0.796238     -0.793476     -0.516670     -0.328891     -0.339366     -0.275961     -0.325073     -0.211625     -0.537790     -0.702128     -0.314739     -0.250978     -0.586719     -0.448857     -0.413393    
 1889   1.44312       1.16830      0.655596      0.361324     -0.399521     -0.466122     -0.645264      -1.08772      -1.10410     -0.949924     -0.744781     -0.778542       1.38579      0.205800     -0.733035     -0.932935       1.37968     -0.556901     -0.212303      0.989577     -0.225633     -0.396937     -0.693180     -0.600009     -0.715101     -0.829345     -0.808029     -0.581581     -0.417486     -0.451068     -0.404806     -0.335401     -0.315881     -0.669430     -0.739652     -0.424453     -0.376025     -0.658592     -0.538215     -0.503304    
 1890 -0.381084     -0.928255      -1.55041      -1.14859     -0.963192     -0.763990      -1.68421      -1.39416      -1.23518      -1.17254      -1.60147      -1.03102     -0.695960      -1.22073      -1.28079      -1.33640     -0.888833      -1.19822      -1.15451     -0.920488     -0.260712     -0.392166     -0.798251     -0.576858     -0.638431     -0.742869     -0.713694     -0.587836     -0.451662     -0.459723     -0.480902     -0.350185     -0.329426     -0.671180     -0.681466     -0.464096     -0.440401     -0.618558     -0.537774     -0.533971    
 1891 -0.332451E-02  0.414326       1.05041       1.87038       1.30525       1.16694      0.860876      0.156078E-01 -0.184397     -0.372684     -0.907116E-01  0.126457     -0.206673       1.40868      0.681141     -0.215931     -0.390603      0.839110      0.513261     -0.192883     -0.274863     -0.292311     -0.762193     -0.448671     -0.491783     -0.574569     -0.525996     -0.412246     -0.339477     -0.324305     -0.373149     -0.237055     -0.305786     -0.567549     -0.504270     -0.345644     -0.436696     -0.465457     -0.421385     -0.490699    
 1892  0.118105     -0.345345E-01  -2.16769      -2.63225      -2.63998      -2.52422      -2.06257      -1.77890      -1.83991      -1.79389      -1.85390      -1.86075      0.700092E-01  -2.47997      -2.12190      -1.82923     -0.403510      -2.24630      -1.75587     -0.793785     -0.171860     -0.184112     -0.656464     -0.317638     -0.389219     -0.444529     -0.414869     -0.264514     -0.225827     -0.194780     -0.259625     -0.153327     -0.197676     -0.454441     -0.374638     -0.226744     -0.324491     -0.342766     -0.306397     -0.364671    
 1893  -1.69470      -1.98158      -2.22908      -1.81266      -1.60006      -1.94959      -1.09448     -0.917992     -0.702356     -0.742535     -0.652283     -0.460932      -1.84568      -1.88060      -1.32069     -0.699058      -1.90232      -1.34619      -1.31985      -1.87147     -0.897349E-01 -0.147412     -0.686294     -0.389320     -0.492742     -0.543389     -0.490612     -0.351321     -0.316699     -0.250219     -0.369969     -0.294582     -0.130158     -0.522786     -0.461774     -0.312296     -0.255195     -0.430681     -0.368525     -0.321820    
 1894 -0.726875     -0.917145     -0.797894     -0.491386     -0.252701     -0.302000     -0.255234     -0.293652     -0.194685     -0.279865     -0.791382     -0.126762     -0.701651     -0.513994     -0.283629     -0.421977     -0.716277     -0.298276     -0.452465     -0.671548     -0.226154     -0.305233     -0.726365     -0.496268     -0.594041     -0.640918     -0.526838     -0.365025     -0.304330     -0.206606     -0.342902     -0.343094     -0.275323     -0.605558     -0.510927     -0.284613     -0.362087     -0.487903     -0.423148     -0.421865    
 1895 -0.206656      0.983246      -1.28409     -0.565052E-01  0.419758     -0.133690     -0.205475      0.292917      0.217443      0.317835      0.686474E-01 -0.171371      0.216609     -0.306946     -0.154160E-01  0.201308     -0.284252      0.890746E-01  0.201716E-01 -0.184960     -0.264846     -0.378484     -0.643038     -0.418555     -0.509124     -0.576897     -0.415296     -0.236946     -0.141696     -0.422131E-01 -0.168497     -0.267385     -0.328808     -0.523572     -0.409713     -0.117469     -0.363161     -0.383085     -0.338581     -0.406645    
 1896 -0.282225     -0.214495     -0.215183     -0.265495      -1.15776     -0.376711      0.316162E-01   1.07703       1.07635       1.20551       1.61313       1.58783     -0.222697     -0.546146      0.243978       1.29833     -0.827986E-01  0.641717E-01  0.339966     -0.165989     -0.216994     -0.367358     -0.669846     -0.471795     -0.576794     -0.698539     -0.479782     -0.254635     -0.104609      0.582777E-01 -0.258035E-01 -0.209748     -0.283913     -0.572812     -0.477652     -0.240450E-01 -0.288716     -0.431026     -0.334802     -0.356113    
 1897   1.23050      0.579454     -0.197525E-01  0.253784     -0.523911E-01 -0.652809E-01 -0.453339E-01  0.344748      0.330395      0.411995     -0.436481     -0.770813       1.13259      0.605468E-01  0.780444E-01  0.101970       1.03278      0.127654      0.146735      0.709815     -0.240266     -0.473600     -0.702332     -0.485560     -0.511960     -0.684771     -0.473127     -0.180068      0.440105E-01  0.253291      0.186829     -0.778798E-01 -0.307871     -0.566617     -0.445989      0.161377     -0.265579     -0.381913     -0.278786     -0.342899    
 1898 -0.665936     -0.802755     -0.922264      -1.18231      -1.11310      -1.43044     -0.750154     -0.822582     -0.743786      0.185947E-01 -0.156803     -0.465792     -0.746501      -1.07256      -1.00106     -0.293998     -0.531042      -1.00706     -0.753111     -0.523525     -0.167113     -0.473643     -0.605292     -0.361465     -0.339520     -0.514086     -0.386759     -0.955435E-01  0.146061      0.336366      0.227866     -0.671939E-01 -0.239545     -0.435426     -0.332130      0.236764     -0.147301     -0.258552     -0.191694     -0.225672    
 1899 -0.741816      -1.46949       1.08901      0.643373      0.627058      0.405720      0.518435      0.741188       1.56976       1.63296       1.68925      0.262978     -0.892366      0.786480      0.555114       1.63066     -0.287716      0.750922      0.580702     -0.197222     -0.146075     -0.421096     -0.607391     -0.388778     -0.344149     -0.484673     -0.386573     -0.908199E-01  0.163091      0.339940      0.185603     -0.170074     -0.211455     -0.446773     -0.320689      0.229545     -0.112921     -0.255317     -0.195916     -0.185947    
 1900   1.03002      0.244526     -0.317274      0.123634     -0.291431     -0.355412     -0.617065     -0.661482     -0.656366     -0.467564     -0.547403     -0.558372      0.512508     -0.161690     -0.544653     -0.557111      0.757077     -0.409687     -0.256182      0.570720     -0.209265     -0.519212     -0.609913     -0.426348     -0.340808     -0.440419     -0.319468     -0.498885E-01  0.214545      0.380728      0.221401     -0.183798     -0.299517     -0.459023     -0.269925      0.272225     -0.163820     -0.227065     -0.190204     -0.208733    
 1901 -0.457396     -0.535944     -0.718903     -0.466646     -0.719921      -1.67448      -1.49600      -1.07085     -0.214767E-01  0.932156       1.70909      0.806547     -0.517237     -0.635157      -1.41378      0.873256     -0.547597     -0.908229     -0.309485     -0.673462     -0.200817     -0.598014     -0.573001     -0.497641     -0.389362     -0.509966     -0.410408     -0.197276      0.726118E-01  0.206695      0.323995E-01 -0.363609     -0.327543     -0.486668     -0.372550      0.103902     -0.158917     -0.322007     -0.285699     -0.208773    
 1902  0.106745      -1.20910      -1.04808     -0.570536      0.681879      0.592560      0.427416      0.798899      0.969564      0.801546      0.598957      0.965271E-01 -0.986027E-01 -0.312246      0.606292      0.790022      0.216226      0.483297      0.187198     -0.489222E-01 -0.289089     -0.658855     -0.640157     -0.652443     -0.520591     -0.694838     -0.581278     -0.384776     -0.116678     -0.383898E-01 -0.180169     -0.584317     -0.437185     -0.604397     -0.553631     -0.111746     -0.285436     -0.491767     -0.445132     -0.342963    
 1903 -0.220285     -0.807865      -1.40790      -1.39247      -1.47312      -1.65266      -1.85712      -1.80531      -1.47083      -1.67649      -2.28441      -2.20449     -0.310541      -1.42450      -1.77170      -1.81058     -0.156503      -1.60859      -1.52108     -0.271783     -0.440992     -0.760875     -0.745426     -0.767103     -0.647687     -0.813249     -0.692863     -0.479074     -0.210996     -0.181648     -0.261751     -0.659252     -0.595395     -0.720072     -0.661729     -0.218132     -0.458361     -0.601829     -0.555076     -0.505078    
 1904  -1.78052      -1.03992      -1.66105      -1.45784     -0.472231     -0.106812E-01  0.511126      0.688137      0.914394      0.725576     -0.451279E-02 -0.440813      -1.67498      -1.19704      0.396194      0.545152      -1.77448      0.288175E-01 -0.335695      -1.47674     -0.535528     -0.852930     -0.962048     -0.952170     -0.840842     -0.965288     -0.869533     -0.650225     -0.416989     -0.410148     -0.518933     -0.826288     -0.682570     -0.918353     -0.828349     -0.448690     -0.575526     -0.782508     -0.733410     -0.632866    
 1905 -0.416824     -0.856316     -0.471373      0.158564      0.706108      0.460079      0.370266      0.129757      0.137444      0.128166     -0.225258E-02 -0.131802     -0.571318      0.131100      0.320034      0.877858E-01 -0.244044      0.327036      0.176514E-01  0.164512     -0.732557     -0.983377      -1.25494      -1.25399      -1.07276      -1.14593      -1.00733     -0.766476     -0.578380     -0.591750     -0.770151      -1.00388     -0.847407      -1.19389     -0.973245     -0.646760     -0.787707     -0.970810     -0.930126     -0.844639    
 1906  0.969048E-01  0.490360E-01 -0.289654      -1.90642      -2.41518      -2.36142      -2.36292      -1.70757      -1.68231      -2.08548      -2.09601      -2.04796      0.471293E-02  -1.53708      -2.14397      -1.95460     -0.249336E-01  -2.07264      -1.56742     -0.516263     -0.910474      -1.10363      -1.43816      -1.47339      -1.17018      -1.13468     -0.963584     -0.697838     -0.566415     -0.629731     -0.880460      -1.05896      -1.00600      -1.36058     -0.932032     -0.692202     -0.969676      -1.00101      -1.00229     -0.995707    
 1907 -0.914064     -0.900906      -1.28841      -1.20135      -1.41955      -1.77802      -1.06820     -0.620632     -0.696747      -1.19872     -0.978703      -1.54918      -1.28764      -1.30310      -1.15562     -0.958057      -1.55547      -1.13075      -1.13454      -1.62371     -0.892421      -1.06807      -1.43005      -1.51578      -1.26709      -1.14832     -0.978144     -0.718870     -0.612086     -0.721466      -1.02732      -1.12965      -1.00648      -1.40431     -0.948445     -0.786959     -0.993283      -1.04005      -1.04244      -1.00989    
 1908  -1.55944      -1.36279      -1.75898      -2.02036      -2.28787      -2.08591      -1.95898      -1.74318      -1.60300      -1.23586      -1.24622      -1.18611      -1.49047      -2.02240      -1.92936      -1.36169      -1.40130      -1.94988      -1.67073      -1.43229     -0.843369     -0.974959      -1.37678      -1.54484      -1.39593      -1.20342     -0.991273     -0.715598     -0.594560     -0.680334     -0.957494      -1.04171     -0.982660      -1.43918     -0.970095     -0.744129      -1.01226      -1.07427      -1.02669      -1.04390    
 1909  -1.73902      -2.75056      -2.40672      -2.21992      -2.06127      -1.97960      -1.80614      -1.76122      -1.69089      -1.68258      -2.36498      -2.35743      -1.89190      -2.22930      -1.84899      -1.91282      -1.76075      -1.91984      -2.06836      -1.84420     -0.718314     -0.940210      -1.32311      -1.56665      -1.46403      -1.23968      -1.00468     -0.690420     -0.590974     -0.623028     -0.785726     -0.853603     -0.900079      -1.45126     -0.978258     -0.666576     -0.943530      -1.09274     -0.983369      -1.01941    
 1910  -1.91337      -1.08333      -2.67935      -3.04941      -2.24140      -1.58293      -1.04842     -0.484102     -0.623535     -0.784065      -1.51753      -1.48986      -1.78471      -2.65672      -1.03848     -0.975043      -2.01351      -1.50497      -1.54144      -2.01775     -0.576713     -0.875032      -1.22616      -1.54546      -1.55730      -1.33487      -1.10293     -0.764990     -0.694260     -0.723714     -0.862635     -0.905517     -0.768449      -1.44297      -1.06760     -0.760203     -0.823378      -1.16663      -1.01413     -0.971997    
 1911  -1.07234      -1.61322      -2.02133      -1.68165     -0.718412     -0.221861     -0.189735      0.124527      0.185003      0.489037      0.473028      0.636518      -1.39181      -1.47380     -0.956897E-01  0.382356      -1.41639     -0.417021     -0.467536      -1.10636     -0.678660     -0.942718      -1.25773      -1.53363      -1.59112      -1.36535      -1.15404     -0.830542     -0.737113     -0.774273     -0.952184     -0.995842     -0.842298      -1.46082      -1.11664     -0.821190     -0.895162      -1.20197      -1.06777      -1.03527    
 1912   1.08276      0.579346      0.416557     -0.203346      -1.25790      -1.13300      -1.17004     -0.817112     -0.150347     -0.590044      -1.10226      -1.14730      0.766208     -0.348230      -1.04005     -0.614217      0.612874     -0.788624     -0.457724      0.100233     -0.846660      -1.09057      -1.29248      -1.47433      -1.51940      -1.28878      -1.13641     -0.827962     -0.727156     -0.760264     -0.963769      -1.00808     -0.977692      -1.42874      -1.08439     -0.817063     -0.992003      -1.16234      -1.07799      -1.07969    
 1913 -0.215265     -0.733984      -1.80703      -2.34085      -2.10998      -1.02898     -0.522245     -0.123852     -0.385284E-03  0.537746      0.813408      0.798107     -0.698850      -2.08595     -0.558359      0.450256     -0.932647      -1.02105     -0.561109      -1.10110     -0.897790      -1.12107      -1.19037      -1.32818      -1.31473      -1.04190     -0.900363     -0.573024     -0.545169     -0.644804     -0.879274     -0.906026      -1.00898      -1.27776     -0.838429     -0.689749     -0.990224     -0.950560     -0.945224      -1.02647    
 1914  0.715555     -0.418835     -0.188614     -0.945635      -1.19747      -1.35963      -1.09180     -0.489761     -0.484346     -0.342535      0.333027      0.318789      0.364942     -0.777240     -0.980397     -0.164618      0.376228     -0.928107     -0.429271     -0.157654     -0.779709     -0.937102     -0.998655      -1.13671      -1.08097     -0.796202     -0.653537     -0.324630     -0.313501     -0.480746     -0.718511     -0.726697     -0.874279      -1.07211     -0.591457     -0.504253     -0.857595     -0.717591     -0.745581     -0.848167    
 1915 -0.808754E-01 -0.173845     -0.485420E-02  0.701351E-01 -0.434042     -0.948200E-01  0.814629E-02 -0.183743     -0.529535     -0.817444      -1.87797      -1.92968      0.213562E-01 -0.122920     -0.901389E-01  -1.07498      0.828440E-02 -0.193976     -0.504044     -0.206244     -0.588377     -0.729101     -0.764143     -0.938549     -0.933042     -0.730269     -0.633482     -0.312109     -0.240277     -0.428068     -0.630256     -0.628271     -0.681392     -0.878578     -0.558620     -0.432867     -0.667929     -0.631288     -0.629662     -0.658425    
 1916  -2.27798      -1.98715      -1.38745      -1.58132      -1.95142      -2.41607      -3.02308      -2.70513      -1.87238      -2.15104      -2.01128      -2.05658      -2.06494      -1.64006      -2.71476      -2.01157      -1.71295      -2.25823      -2.11841      -1.41097     -0.505397     -0.656703     -0.612206     -0.822474     -0.888436     -0.807673     -0.734039     -0.411700     -0.310177     -0.503615     -0.674459     -0.703269     -0.596791     -0.774372     -0.651137     -0.496083     -0.576817     -0.662417     -0.635846     -0.597113    
 1917  -1.89919      -1.82183     -0.885744     -0.340605     -0.448853     -0.192051     -0.554638E-01  0.428547     -0.307535     -0.852983      -1.29513      -1.78539      -1.92587     -0.558401      0.603441E-01 -0.818549      -1.80428     -0.152660     -0.788019      -1.61731     -0.640500     -0.703065     -0.657896     -0.874073     -0.922674     -0.902286     -0.798276     -0.511898     -0.462057     -0.607765     -0.771899     -0.836893     -0.682278     -0.818214     -0.737487     -0.613907     -0.647134     -0.745211     -0.724107     -0.669813    
 1918  -1.59690      -1.05179     -0.119354      0.420246E-01  0.834858       1.26577       1.74928       2.30639       1.64751      0.727596      0.760118       1.09125      -1.47803      0.252510       1.77381       1.04507      -1.11692       1.30764      0.638063     -0.374446     -0.822182     -0.792026     -0.701157     -0.841288     -0.823839     -0.860894     -0.756877     -0.548902     -0.553341     -0.714289     -0.879364     -0.949877     -0.817034     -0.788761     -0.722224     -0.715665     -0.755320     -0.730857     -0.770337     -0.735848    
 1919  0.660055      0.617796     -0.212053     -0.452986     -0.508812     -0.417292     -0.577894     -0.842913     -0.308025     -0.364874      -1.15606      -1.04822      0.789700     -0.391284     -0.612700     -0.609653      0.607460     -0.517987     -0.384273      0.664071     -0.953936     -0.856319     -0.763645     -0.805423     -0.764412     -0.831703     -0.745686     -0.616955     -0.609456     -0.808125      -1.04318      -1.13550     -0.920044     -0.777827     -0.731448     -0.820253     -0.852905     -0.728939     -0.827862     -0.781507    
 1920 -0.485806     -0.291664     -0.183773     -0.853096     -0.835371      -1.82659      -1.87556      -1.15198     -0.541925      -1.04822     -0.961342     -0.830553     -0.608563     -0.624080      -1.61804     -0.850496     -0.588400      -1.18075     -0.907157     -0.731191      -1.09766     -0.908412     -0.829742     -0.849808     -0.787967     -0.844197     -0.753207     -0.635790     -0.590198     -0.787802      -1.02285      -1.12567      -1.04719     -0.822506     -0.744398     -0.800284     -0.970437     -0.743528     -0.852776     -0.856391    
 1921 -0.840315     -0.956934      -1.47815      -1.55647      -1.23232      -1.52627      -1.37374      -1.19942      -1.29461     -0.757734     -0.967222      -1.52275     -0.875934      -1.42231      -1.36648      -1.00652      -1.01925      -1.36381      -1.22549      -1.16667      -1.00613     -0.796999     -0.723262     -0.750321     -0.685865     -0.749226     -0.634862     -0.507561     -0.481224     -0.672405     -0.862405     -0.962320     -0.976265     -0.719816     -0.630550     -0.672011     -0.910452     -0.634843     -0.736048     -0.802277    
 1922  -1.85131      -1.00418      -1.04044      -1.36050      -1.42876      -1.72086      -1.27077      -1.49712      -1.70833      -1.42628      -1.61081      -1.66050      -1.45941      -1.27657      -1.49625      -1.58181      -1.19061      -1.49772      -1.46499      -1.29346     -0.802596     -0.645437     -0.650015     -0.707435     -0.645782     -0.744583     -0.590338     -0.483918     -0.453833     -0.607063     -0.758389     -0.860413     -0.803451     -0.667744     -0.606280     -0.606429     -0.765863     -0.604315     -0.662484     -0.693052    
 1923 -0.914845     -0.929674      -1.21525     -0.528015      0.375881E-01  0.386730      0.406475     -0.183931     -0.268085     -0.756504     -0.827353     -0.948381      -1.16834     -0.568559      0.203091     -0.617314      -1.29289     -0.248730E-01 -0.478437      -1.02811     -0.715793     -0.593662     -0.693442     -0.793860     -0.768243     -0.938221     -0.797266     -0.724843     -0.617185     -0.695544     -0.806147     -0.932641     -0.723289     -0.751848     -0.820110     -0.706292     -0.704794     -0.773270     -0.756404     -0.688098    
 1924  -1.21994      -1.50900      -2.03015      -2.04117      -2.15650      -2.19152      -1.79671      -1.79074      -1.33895     -0.925005      -1.30247      -1.64720      -1.22577      -2.07594      -1.92632      -1.18881      -1.21522      -1.88593      -1.66245      -1.14384     -0.803098     -0.652895     -0.738890     -0.828131     -0.843688      -1.06703     -0.945842     -0.879167     -0.763340     -0.804789     -0.876613      -1.05651     -0.796211     -0.803570     -0.964013     -0.814914     -0.771536     -0.887866     -0.854999     -0.792280    
 1925  -1.01991     -0.125546      0.514748      0.277985      0.538788E-01  0.487188      0.562635      0.740528      0.710234      0.171495      0.164007      0.232927     -0.930885      0.282204      0.596784      0.348579     -0.750897      0.472075      0.230847     -0.717728     -0.965004     -0.762921     -0.784991     -0.792934     -0.816771     -0.995533     -0.836132     -0.769774     -0.706767     -0.720710     -0.744200     -0.967525     -0.928144     -0.798232     -0.867146     -0.723892     -0.875138     -0.819652     -0.821938     -0.870368    
 1926  0.491766      0.192816      0.222536      0.200565     -0.397291      -1.09866      -1.21066      -1.06481     -0.932667     -0.832035     -0.844303     -0.952183      0.305836      0.860333E-02  -1.12471     -0.869668      0.245925     -0.750587     -0.518744      0.182797     -0.933147     -0.756921     -0.756662     -0.687615     -0.800536     -0.899114     -0.708354     -0.676967     -0.627313     -0.629158     -0.651668     -0.852414     -0.885864     -0.748271     -0.761479     -0.636046     -0.813194     -0.733317     -0.748322     -0.798259    
 1927 -0.598324     -0.970564      -1.03078      -1.26478      -1.20133      -1.41661     -0.977415     -0.738913     -0.699427     -0.865164     -0.381783     -0.851643     -0.840357      -1.16563      -1.04431     -0.648791     -0.871365      -1.04975     -0.916394      -1.02659     -0.769965     -0.667542     -0.640087     -0.523373     -0.689569     -0.746537     -0.630007     -0.603426     -0.545805     -0.607498     -0.626399     -0.804084     -0.763307     -0.617676     -0.659990     -0.593234     -0.701806     -0.623119     -0.654524     -0.681912    
 1928  -1.16171     -0.867556     -0.842863     -0.762295     -0.861881      -1.38243      -1.46733      -1.34465      -1.22765      -1.02984      -1.10838      -1.28707     -0.960303     -0.822346      -1.39814      -1.12196     -0.828453      -1.17437      -1.11197     -0.866090     -0.697568     -0.614960     -0.569442     -0.456368     -0.656506     -0.714132     -0.662578     -0.568364     -0.516000     -0.590077     -0.584560     -0.769052     -0.705537     -0.560772     -0.648358     -0.563546     -0.653325     -0.595658     -0.616634     -0.627183    
 1929  -1.52122     -0.751095     -0.397503     -0.334085     -0.320982     -0.345242     -0.332794     -0.278353     -0.355946     -0.792324     -0.696892      -1.14724      -1.18646     -0.350857     -0.318796     -0.615054      -1.01585     -0.327900     -0.606140     -0.927921     -0.707989     -0.590650     -0.491965     -0.423528     -0.695249     -0.724343     -0.689254     -0.528213     -0.507574     -0.633285     -0.590754     -0.773083     -0.689231     -0.536914     -0.647270     -0.577204     -0.622382     -0.594694     -0.612991     -0.610363    
 1930  -1.54265      -1.12329     -0.920343     -0.268055     -0.484861     -0.468731      0.735359E-01  0.471327      0.637444       1.06081       1.22776       1.04814      -1.27106     -0.557753      0.253773E-01  0.975338      -1.03712     -0.655667E-02 -0.240761E-01 -0.700957     -0.768050     -0.690383     -0.537512     -0.388702     -0.682220     -0.718272     -0.705561     -0.533673     -0.534507     -0.702295     -0.639949     -0.845363     -0.743839     -0.536145     -0.652502     -0.625584     -0.665511     -0.593822     -0.645541     -0.625609    
 1931  0.853655     -0.530434E-02 -0.174994     -0.351353E-01  -1.25813     -0.955751     -0.767265     -0.966602     -0.884886      -1.03573      -1.30569      -1.09924      0.632164     -0.489420     -0.896539      -1.07544      0.668344     -0.811295     -0.636256      0.245280     -0.922131     -0.854735     -0.691969     -0.406291     -0.714394     -0.801833     -0.786400     -0.605921     -0.594644     -0.755412     -0.694588     -0.957745     -0.874076     -0.604218     -0.731385     -0.681548     -0.776073     -0.651581     -0.732172     -0.696058    
 1932 -0.281635     -0.168234     -0.120926E-01  0.403015      0.816389      0.760180     -0.310314     -0.259111     -0.487906     -0.715075     -0.766962      -1.11739     -0.516370      0.402437      0.635850E-01 -0.656648     -0.650437      0.153709     -0.178261     -0.378483      -1.08751     -0.908839     -0.731300     -0.370905     -0.716620     -0.792874     -0.776258     -0.585731     -0.610594     -0.765137     -0.730167      -1.01449     -0.984699     -0.606275     -0.718288     -0.701966     -0.855900     -0.642164     -0.757536     -0.750230    
 1933  -1.03658     -0.713985     -0.830704     -0.951426      -1.54629      -1.44622      -1.20541     -0.720692     -0.892406      -1.11930     -0.834423     -0.790863     -0.955985      -1.10947      -1.12411     -0.948710     -0.863449      -1.12707      -1.00736     -0.848497      -1.15841     -0.919603     -0.721774     -0.382254     -0.748702     -0.810021     -0.771472     -0.573304     -0.635126     -0.753729     -0.761931      -1.02543      -1.03083     -0.617577     -0.718266     -0.716929     -0.884930     -0.653480     -0.771813     -0.768595    
 1934  -1.30663      -1.23849     -0.865164     -0.960976      -1.34748     -0.562790     -0.718344     -0.450962     -0.546116      -1.42636      -1.41927      -1.88533      -1.11199      -1.05787     -0.577365      -1.13058      -1.02581     -0.764445      -1.06066     -0.987052      -1.12145     -0.908202     -0.700401     -0.376787     -0.766196     -0.798030     -0.749076     -0.516398     -0.598476     -0.693087     -0.707815     -0.925921      -1.01836     -0.614461     -0.687835     -0.666460     -0.878523     -0.634161     -0.738487     -0.766004    
 1935  -2.13444      -2.39071      -1.56118     -0.105675     -0.494562      -1.02012     -0.841864     -0.708462     -0.621246     -0.707365     -0.703093     -0.974543      -2.13683     -0.720472     -0.856815     -0.677235      -1.80288     -0.631988      -1.02194      -1.17942     -0.958642     -0.816638     -0.621478     -0.282336     -0.687635     -0.716862     -0.724773     -0.492045     -0.590061     -0.671953     -0.684602     -0.872874     -0.900401     -0.530483     -0.644560     -0.648872     -0.787264     -0.582285     -0.676658     -0.689531    
 1936  -1.47531     -0.829054     -0.790663      0.232445     -0.492342      -1.26258      -1.42295      -1.06078     -0.803936      -1.01550      -1.06999      -1.99236      -1.09297     -0.350187      -1.24877     -0.963142     -0.913338     -0.801691     -0.998585     -0.764506     -0.850759     -0.713608     -0.509973     -0.178563     -0.485871     -0.590685     -0.686564     -0.482750     -0.548658     -0.615254     -0.627020     -0.836409     -0.812414     -0.391469     -0.586667     -0.596978     -0.717295     -0.495515     -0.593843     -0.613814    
 1937  -1.93892      -1.03078     -0.804203     -0.588936      -1.15080      -1.07351     -0.562275     -0.339142      -1.14715     -0.876215     -0.867682     -0.946293      -1.65402     -0.847980     -0.658309     -0.963682      -1.30863     -0.810302     -0.943825      -1.16272     -0.822489     -0.692071     -0.513081     -0.229818     -0.475110     -0.639219     -0.702254     -0.502922     -0.484475     -0.537603     -0.543147     -0.727056     -0.783656     -0.406003     -0.614798     -0.521742     -0.684387     -0.505633     -0.572437     -0.597370    
 1938  -1.23907      -1.02263     -0.878933      -1.66512      -1.55405      -2.06847      -1.78675      -1.49587      -1.27057     -0.790615      -1.25776      -1.41121      -1.06933      -1.36603      -1.78370      -1.10632     -0.971804      -1.64014      -1.37009      -1.09725     -0.692084     -0.654918     -0.544103     -0.291006     -0.525646     -0.697068     -0.694239     -0.524519     -0.448737     -0.482881     -0.536699     -0.706785     -0.691352     -0.453585     -0.638609     -0.489439     -0.616485     -0.530203     -0.566557     -0.575190    
 1939 -0.704596     -0.367985      0.660362E-01  0.678074      0.213089E-01  0.580629      0.434536       1.01098      0.419964      0.181276      0.534807      0.966988     -0.827930      0.255140      0.675382      0.378682     -0.744355      0.524249      0.318502     -0.644942     -0.562492     -0.561452     -0.472353     -0.183059     -0.385571     -0.584723     -0.577286     -0.441819     -0.371539     -0.397190     -0.544844     -0.643968     -0.610243     -0.346994     -0.534609     -0.437857     -0.553777     -0.424000     -0.477191     -0.511959    
 1940  0.896854      0.324875      0.194567      0.608805      0.744078      0.228748     -0.207726     -0.330942      0.298443E-01  0.509905      0.460327     -0.513268E-02  0.729572      0.515817     -0.103307      0.333359      0.516561      0.178801      0.287850      0.545540     -0.408433     -0.362826     -0.335855     -0.115387     -0.298769     -0.523986     -0.503231     -0.380190     -0.280945     -0.295594     -0.480152     -0.448243     -0.471743     -0.250004     -0.469136     -0.352230     -0.448853     -0.350418     -0.369468     -0.418492    
 1941  0.571815      0.607124      0.940207       1.16346       1.54821      0.870319      0.278175      0.215569E-01  0.550764      0.649145      0.613379      0.683329      0.391269       1.21729      0.390017      0.604429      0.514041      0.738747      0.708124      0.513118     -0.135340     -0.986455E-01 -0.252567     -0.151364     -0.302203     -0.503752     -0.457976     -0.359566     -0.163391     -0.189428     -0.351908     -0.228270     -0.227410     -0.235378     -0.440431     -0.234909     -0.285090     -0.323042     -0.266201     -0.319352    
 1942  0.565615     -0.349924      -1.18946      -1.82067      -1.77474      -2.03657      -1.66955      -1.65071     -0.639885     -0.846924      -1.00857     -0.712893      0.299673      -1.59496      -1.78561     -0.831793      0.162014      -1.59869      -1.09452     -0.317450      0.100998      0.408360E-01 -0.254866     -0.211087     -0.347696     -0.528243     -0.458901     -0.395991     -0.103119     -0.140032     -0.299734     -0.145186     -0.288122E-01 -0.271216     -0.461045     -0.180962     -0.147106     -0.340840     -0.228585     -0.245883    
 1943  0.724266      0.210775     -0.273764      0.484943E-01  0.341187E-01  0.193550      0.314125      0.238977     -0.256767E-01  0.106985     -0.463861     -0.789942      0.740493E-01 -0.637170E-01  0.248884     -0.127518     -0.317852      0.133931      0.265039E-01 -0.465924      0.185650      0.899911E-01 -0.226750     -0.148601     -0.288253     -0.480364     -0.444041     -0.382951     -0.802221E-01 -0.114920     -0.286663     -0.145520      0.434849E-01 -0.221201     -0.435785     -0.160602     -0.893437E-01 -0.304072     -0.193554     -0.200941    
 1944 -0.475636     -0.293924      0.128975E-01  0.198034     -0.126392      0.443401E-01  0.101185      0.243359      0.131124     -0.938814      -1.95272     -0.629923     -0.519834      0.281798E-01  0.129628     -0.920137     -0.317247      0.986083E-01 -0.307206     -0.105006      0.184564      0.123185     -0.202488     -0.105315     -0.253361     -0.503302     -0.517920     -0.461644     -0.154689     -0.215721     -0.381635     -0.222426      0.540765E-01 -0.187055     -0.494289     -0.250682     -0.736402E-01 -0.332705     -0.225896     -0.184253    
 1945  0.115736      0.637226      0.290716      0.887642E-01  0.203991E-01 -0.412521     -0.180294     -0.170202      0.513384      0.837006       1.12420       1.68455      0.410130E-01  0.133293     -0.254339      0.824863     -0.412963     -0.234116E-01  0.379080     -0.192122      0.538283E-01  0.331030E-01 -0.274541     -0.260523     -0.410602     -0.683473     -0.689981     -0.611534     -0.312647     -0.399706     -0.589218     -0.360970     -0.451649E-01 -0.315222     -0.661663     -0.433857     -0.167899     -0.494794     -0.375522     -0.291354    
 1946   1.73638       1.42663     -0.976812     -0.681536      -1.07598      -1.46548      -1.17942      -1.18656      0.412514     -0.436563     -0.332403     -0.251993       1.61585     -0.911443      -1.27715     -0.118817      0.971992     -0.862744     -0.334269      0.230987     -0.117673     -0.139736     -0.431519     -0.450092     -0.588395     -0.742508     -0.680605     -0.582955     -0.372715     -0.476332     -0.702988     -0.455721     -0.206126     -0.490002     -0.668689     -0.517345     -0.339804     -0.569545     -0.478437     -0.452832    
 1947 -0.423855     -0.496834     -0.664034     -0.869406      -1.47703      -1.36044     -0.824314     -0.941862      -1.15816     -0.467234     -0.561802      -1.02498     -0.390894      -1.00349      -1.04221     -0.729065     -0.434280      -1.10520     -0.855829     -0.688835     -0.206114     -0.194710     -0.470788     -0.477625     -0.599514     -0.658497     -0.577005     -0.499379     -0.408476     -0.466125     -0.694445     -0.485603     -0.285515     -0.515975     -0.578294     -0.523015     -0.417775     -0.536749     -0.478190     -0.489880    
 1948  -1.06109     -0.573475     -0.456774     -0.134935     -0.389519E-01 -0.823950      -1.22750     -0.632341     -0.801617     -0.697344      -1.30221      -1.33919     -0.886515     -0.210220     -0.894597     -0.933724     -0.690892     -0.609883     -0.757448     -0.672294     -0.301009     -0.176055     -0.374959     -0.363762     -0.493279     -0.599040     -0.567303     -0.475746     -0.426494     -0.473579     -0.672973     -0.472289     -0.320889     -0.410666     -0.547363     -0.524349     -0.416366     -0.487604     -0.449707     -0.453261    
 1949 -0.904285     -0.153265      0.129116      0.136147E-01 -0.795961      -1.12267      -1.60229      -1.42641      -1.53833      -1.92802      -1.32019     -0.643162     -0.798913     -0.217743      -1.38379      -1.59551     -0.711196      -1.07867     -0.940988     -0.736138     -0.428067     -0.216646     -0.384547     -0.449676     -0.571570     -0.706334     -0.725467     -0.575607     -0.500745     -0.545783     -0.635698     -0.511183     -0.372334     -0.468598     -0.669136     -0.560742     -0.441350     -0.588233     -0.520944     -0.487102    
 1950  -1.51818      -1.69148      -1.30957      -1.83091      -1.58347      -1.67137      -1.61213     -0.891363      -1.17101      -1.06050      -1.83634      -1.16586      -1.28427      -1.57465      -1.39162      -1.35595      -1.40177      -1.46004      -1.44518      -1.50528     -0.544787     -0.343436     -0.527232     -0.672791     -0.806574     -0.894664     -0.929926     -0.740666     -0.691736     -0.736085     -0.761135     -0.728352     -0.466469     -0.668866     -0.855085     -0.729652     -0.518020     -0.789393     -0.698115     -0.606997    
 1951 -0.443184     -0.833305     -0.695213     -0.188206      0.319908       1.58974       1.87011       1.15356      0.550243      0.687037      0.634647     -0.509624E-01 -0.814116     -0.187837       1.53780      0.623976      -1.00573      0.882559      0.382865     -0.665622     -0.742643     -0.555046     -0.592446     -0.756297     -0.906210     -0.931968     -0.936664     -0.771807     -0.862210     -0.909402     -0.947471     -0.956737     -0.675347     -0.751651     -0.880146     -0.906361     -0.685951     -0.860859     -0.822408     -0.756042    
 1952 -0.188204     -0.896454E-02 -0.339424      -1.01966     -0.768812      -1.07577      -1.18950      -1.11118      -1.35457     -0.680674     -0.858973     -0.576233     -0.827103E-01 -0.709299      -1.12548     -0.964739      0.122355      -1.08658     -0.764330      0.120317     -0.954721     -0.650697     -0.502660     -0.674123     -0.704311     -0.725621     -0.747377     -0.628163     -0.830731     -0.895932     -0.931255     -0.933120     -0.854051     -0.627031     -0.700387     -0.885972     -0.820281     -0.718387     -0.764892     -0.799702    
 1953 -0.419806      0.242905      0.792776       1.52475       1.15289      0.421900      0.281162E-01  0.172098      0.328634     -0.208344     -0.184023     -0.660322     -0.251045       1.15681      0.207371     -0.212443E-01 -0.250001      0.604731      0.265965     -0.171310     -0.954855     -0.573487     -0.377131     -0.526150     -0.487544     -0.505495     -0.545972     -0.511324     -0.707828     -0.818859     -0.832611     -0.814308     -0.820487     -0.463608     -0.520930     -0.786433     -0.777630     -0.547385     -0.637963     -0.699270    
 1954  -1.87272      -1.13787      -1.24539      -2.99650      -2.81100      -2.32989      -2.77608      -1.68697      -1.70820      -2.06758      -1.48706      -1.53744      -1.22364      -2.35096      -2.26431      -1.75428     -0.884778      -2.38477      -1.97139      -1.07643     -0.891169     -0.539317     -0.313445     -0.472156     -0.443506     -0.428589     -0.426427     -0.480137     -0.641827     -0.714750     -0.718873     -0.758855     -0.748265     -0.409702     -0.445051     -0.691817     -0.701618     -0.482107     -0.569088     -0.609924    
 1955 -0.821585      -1.05462      -1.30471      -1.17900      -1.99507      -1.80490      -1.39220      -1.54106      -1.46712      -1.84027      -1.85019      -1.75131      -1.13788      -1.49293      -1.57939      -1.71919      -1.37883      -1.56323      -1.50017      -1.61860     -0.828132     -0.483042     -0.243471     -0.424048     -0.382495     -0.378485     -0.356145     -0.465971     -0.551084     -0.628256     -0.589836     -0.701992     -0.690009     -0.350005     -0.400200     -0.589726     -0.624520     -0.426371     -0.502746     -0.540045    
 1956  -1.28342      -1.11374     -0.685663      -1.08389      -1.05322     -0.819170     -0.102295     -0.438522      -1.01646      -1.22561      -1.08473      -1.38382      -1.38282     -0.940924     -0.453329      -1.10893      -1.42077     -0.752259     -0.940878      -1.32344     -0.748449     -0.346955     -0.184924     -0.410297     -0.403827     -0.481592     -0.507155     -0.587253     -0.591033     -0.709726     -0.596409     -0.706335     -0.599132     -0.333016     -0.525333     -0.632389     -0.533402     -0.496859     -0.522829     -0.489111    
 1957  -1.64561      0.130526      0.840536       1.17642       2.53819       2.12019       1.88432       1.18297      0.900404      0.591206      0.514847      0.579178     -0.966301       1.51838       1.72916      0.668819     -0.728118       1.63375      0.901098     -0.759877E-02 -0.755269     -0.311183     -0.267961     -0.499741     -0.487237     -0.611751     -0.679362     -0.685081     -0.645237     -0.823526     -0.665667     -0.779451     -0.590929     -0.418313     -0.658731     -0.711477     -0.557814     -0.601402     -0.600956     -0.552588    
 1958  0.157986      0.343365      0.549246      0.778704      0.281168      0.979385E-01  0.919552E-01 -0.420382     -0.402117     -0.214325     -0.405993     -0.567112      0.360176      0.536373     -0.768294E-01 -0.340812      0.455971      0.712111E-01  0.242028E-01  0.655111     -0.801655     -0.392566     -0.426637     -0.696609     -0.594558     -0.678211     -0.701060     -0.669797     -0.629104     -0.843149     -0.672268     -0.793637     -0.657891     -0.572602     -0.683023     -0.714840     -0.648250     -0.661556     -0.658271     -0.655713    
 1959 -0.849655     -0.386705      0.396816      0.179855     -0.235321     -0.506451     -0.530844      -1.01463     -0.617826     -0.328854      0.583668E-01 -0.306171     -0.601157      0.113783     -0.683975     -0.296104     -0.337829     -0.454203     -0.345118     -0.276620     -0.759719     -0.445008     -0.504251     -0.744182     -0.657312     -0.708308     -0.665900     -0.670762     -0.619200     -0.806847     -0.651821     -0.771686     -0.666121     -0.635248     -0.681657     -0.692623     -0.669672     -0.677611     -0.667083     -0.677316    
 1960 -0.312065     -0.332535     -0.177803      -1.03499     -0.923903      -1.28551      -1.27793      -1.01982     -0.276655     -0.929794     -0.634172     -0.365593     -0.316924     -0.712232      -1.19442     -0.613540     -0.233177     -0.969801     -0.714231     -0.567230     -0.690226     -0.407698     -0.440278     -0.530004     -0.458667     -0.522609     -0.490503     -0.525106     -0.503674     -0.670599     -0.515720     -0.663130     -0.623204     -0.476316     -0.512739     -0.563331     -0.628093     -0.505094     -0.534851     -0.602975    
 1961 -0.556355E-01  0.529486     -0.656033     -0.709106     -0.766293     -0.858252      -1.48429      -1.14362      -1.14308      -1.07306     -0.698973     -0.938093      0.360858E-01 -0.710477      -1.16205     -0.971704     -0.351957      -1.01744     -0.749746     -0.584983     -0.599109     -0.337528     -0.407219     -0.421640     -0.300244     -0.396149     -0.424984     -0.416761     -0.406473     -0.533847     -0.397130     -0.527588     -0.533256     -0.376368     -0.412632     -0.445817     -0.532217     -0.394375     -0.430723     -0.485885    
 1962 -0.712154     -0.656324      -2.03935      -2.28765      -1.35081      -1.23096      -1.27925     -0.770563     -0.745337      -1.19658     -0.910522      -1.15142     -0.768857      -1.89260      -1.09359     -0.950813      -1.01966      -1.27743      -1.19424      -1.22986     -0.483805     -0.340036     -0.533283     -0.532916     -0.485170     -0.580251     -0.629849     -0.587079     -0.535910     -0.620289     -0.506015     -0.616986     -0.450476     -0.517123     -0.599060     -0.554071     -0.469282     -0.558529     -0.537633     -0.471854    
 1963 -0.823574     -0.737385     -0.680822      -1.14462     -0.411541     -0.752111     -0.316084      0.137157      0.420742E-01 -0.849037E-01 -0.264492     -0.368862     -0.904126     -0.745661     -0.310346     -0.102440     -0.916717     -0.407521     -0.450430     -0.883644     -0.539584     -0.455292     -0.727215     -0.747757     -0.752468     -0.813443     -0.820876     -0.713631     -0.636170     -0.736246     -0.609109     -0.708677     -0.537287     -0.742480     -0.782650     -0.660509     -0.577564     -0.747391     -0.688372     -0.627657    
 1964 -0.630236      -1.20642      -1.32406      -1.27858      -2.50164      -1.75782      -1.72869      -1.67133      -1.22357      -1.46498     -0.997652      -1.38987     -0.735173      -1.70143      -1.71928      -1.22873     -0.646496      -1.69360      -1.43124     -0.796156     -0.593510     -0.552550     -0.829188     -0.833428     -0.774836     -0.814089     -0.822720     -0.662754     -0.569831     -0.690842     -0.573065     -0.635885     -0.618245     -0.812484     -0.766521     -0.611246     -0.671547     -0.746276     -0.696058     -0.718526    
 1965 -0.674215     -0.239885      0.534172E-01   1.38663       1.66848       1.33701       1.06836       1.35642      0.358774      0.282095      0.382437      0.272228     -0.767990       1.03618       1.25393      0.341102     -0.785531       1.19595      0.604313     -0.412055     -0.524238     -0.564529     -0.878144     -0.789043     -0.724871     -0.764126     -0.839529     -0.660547     -0.596783     -0.658836     -0.578660     -0.638179     -0.574884     -0.797353     -0.754734     -0.611427     -0.644451     -0.729150     -0.684790     -0.683337    
 1966  0.391565     -0.525064      -1.38261      -1.48223      -1.54832      -1.43187      -1.25249      -1.16911     -0.898336     -0.612934     -0.945562     -0.696512      0.462430E-01  -1.47105      -1.28449     -0.818944     -0.965582E-01  -1.29706     -0.962790     -0.188185     -0.556445     -0.668887     -0.964036     -0.777107     -0.775452     -0.821496     -0.873533     -0.706707     -0.659391     -0.683862     -0.612779     -0.687270     -0.621170     -0.838865     -0.800579     -0.652011     -0.677507     -0.768948     -0.732247     -0.711330    
 1967  -1.01453     -0.508305     -0.983803     -0.650776     -0.665232     -0.949162      -1.06277      -1.49280      -1.80645      -1.75032      -1.80203      -1.89609     -0.739782     -0.766604      -1.16824      -1.78627     -0.793608      -1.10453      -1.21519     -0.862229     -0.606953     -0.716372     -0.866314     -0.623007     -0.681132     -0.694962     -0.682953     -0.555870     -0.566097     -0.570010     -0.506300     -0.540217     -0.670198     -0.723484     -0.644595     -0.547469     -0.695592     -0.634004     -0.634182     -0.701024    
 1968  -1.58866      -1.32293      -1.50505      -1.69092      -1.86136      -1.49655     -0.781504     -0.275652      0.299524     -0.191935     -0.150991      0.743485E-01  -1.60256      -1.68578     -0.851235     -0.144673E-01  -1.64418     -0.967744     -0.874307      -1.60633     -0.484556     -0.608762     -0.723143     -0.468177     -0.610454     -0.576624     -0.560874     -0.488123     -0.536106     -0.495144     -0.439234     -0.429243     -0.544512     -0.600591     -0.541874     -0.490161     -0.572165     -0.540060     -0.535037     -0.574430    
 1969 -0.181534     -0.665565      0.411646      0.936075       1.45984       1.07513      0.305746     -0.141823      0.731468E-02  0.556835      0.524248      0.508198     -0.257583      0.935854      0.413018      0.362799     -0.117338      0.607047      0.399676      0.167449     -0.414419     -0.564457     -0.686356     -0.414841     -0.527507     -0.558459     -0.545768     -0.516294     -0.575014     -0.535458     -0.485871     -0.477996     -0.469373     -0.542901     -0.540174     -0.532114     -0.504809     -0.522981     -0.525203     -0.509564    
 1970  0.405245     -0.293264      -1.17175     -0.903515      -1.61976      -1.86784      -2.45070      -1.84847      -1.44083      -1.17537      -1.21196      -1.22585      0.206726      -1.23168      -2.05567      -1.27605      0.882520E-01  -1.68852      -1.23367     -0.307530     -0.471768     -0.611741     -0.674804     -0.434259     -0.528730     -0.635825     -0.585311     -0.572599     -0.642736     -0.637988     -0.621154     -0.595266     -0.520501     -0.545931     -0.597912     -0.633959     -0.542940     -0.566577     -0.584348     -0.541127    
 1971  -1.41707      -1.59695      -1.37993     -0.601866      -1.08206      -1.42333     -0.991604      -1.23817      -1.23107      -1.32800     -0.803562      -1.05964      -1.41329      -1.02129      -1.21770      -1.12088      -1.33452      -1.09468      -1.17944      -1.40453     -0.568883     -0.656619     -0.644855     -0.415426     -0.532956     -0.622830     -0.540390     -0.568906     -0.654119     -0.698147     -0.684923     -0.655634     -0.606922     -0.531079     -0.577375     -0.679063     -0.620794     -0.555771     -0.603640     -0.591385    
 1972 -0.360886      0.520414      0.638996      0.687105      0.851358       1.86480       2.03966       2.34071       1.20853       1.33541       1.32364       1.91118     -0.300037      0.725820       2.08172       1.28919     -0.398780       1.49869       1.19674     -0.204188     -0.580196     -0.648512     -0.569586     -0.323363     -0.418393     -0.454844     -0.367304     -0.419936     -0.534458     -0.582485     -0.550742     -0.541434     -0.628114     -0.437114     -0.414028     -0.555895     -0.639500     -0.419716     -0.499271     -0.566418    
 1973   1.27310      0.238075     -0.495754      -1.02277      -1.20015      -1.48111      -1.19341      -1.61916      -1.31196      -1.11957      -1.15732      -1.21198       1.14079     -0.906225      -1.43123      -1.19628      0.930942      -1.30476     -0.858501      0.622543     -0.457038     -0.588188     -0.521144     -0.267052     -0.384127     -0.409986     -0.343930     -0.445465     -0.559298     -0.560158     -0.482732     -0.480710     -0.528887     -0.390775     -0.399794     -0.534063     -0.540172     -0.401643     -0.458319     -0.468658    
 1974  -1.32417      -1.29577     -0.773394     -0.333706     -0.540924E-01 -0.665510     -0.549255     -0.478443     -0.647705      -1.23660      -1.03757      -1.52181      -1.27731     -0.387064     -0.564403     -0.973958      -1.14703     -0.454785     -0.826502      -1.00500     -0.379290     -0.529240     -0.547723     -0.253373     -0.416612     -0.428580     -0.376732     -0.497122     -0.598855     -0.607397     -0.500724     -0.516617     -0.463080     -0.405903     -0.434145     -0.568992     -0.496642     -0.428546     -0.471022     -0.452259    
 1975  -1.12726      -1.09622     -0.266203      0.533943E-01 -0.803532      -1.30262     -0.901924     -0.962572      -1.57152      -1.99689      -2.28330      -1.94123      -1.24843     -0.338780      -1.05571      -1.95057      -1.04761     -0.914796      -1.18332     -0.834485     -0.393161     -0.522579     -0.531898     -0.241146     -0.420634     -0.387937     -0.320840     -0.425776     -0.522649     -0.582790     -0.484206     -0.512034     -0.477452     -0.397893     -0.378184     -0.529882     -0.512063     -0.386497     -0.445471     -0.466234    
 1976  -1.09769     -0.566284     -0.464003      0.227665      0.839169       1.46766       1.61621       1.22376      0.804295      0.462875      0.444798      0.309587      -1.20173      0.200944       1.43588      0.570656      -1.39157       1.02979      0.439003     -0.770910     -0.427872     -0.498915     -0.425286     -0.195594     -0.329701     -0.261382     -0.231372     -0.351984     -0.444463     -0.514035     -0.431211     -0.434535     -0.479607     -0.316860     -0.281579     -0.463236     -0.488517     -0.302416     -0.378863     -0.415587    
 1977  0.248455     -0.304945     -0.397043     -0.519415     -0.761461     -0.488970     -0.469744     -0.906282      -1.11586     -0.512884     -0.508772     -0.618202      0.843657E-01 -0.559306     -0.621665     -0.712505      0.127288     -0.710289     -0.529594      0.219846     -0.425159     -0.534286     -0.472619     -0.269408     -0.356748     -0.297597     -0.301866     -0.424188     -0.419011     -0.456617     -0.334382     -0.336428     -0.464660     -0.366258     -0.341217     -0.403337     -0.468641     -0.344803     -0.385693     -0.396951    
 1978 -0.388485     -0.319805      -1.12296     -0.696056      -1.07981      -1.05960     -0.907055      -1.37274     -0.887865     -0.982834     -0.840626E-01  0.109386E-01 -0.442164     -0.966275      -1.11313     -0.651587     -0.578518      -1.00052     -0.740861     -0.733205     -0.350420     -0.502095     -0.425206     -0.120469     -0.147942     -0.890432E-01 -0.129028     -0.275944     -0.282057     -0.332225     -0.176731     -0.210518     -0.396314     -0.231205     -0.164672     -0.263671     -0.400858     -0.174080     -0.253473     -0.325639    
 1979  0.173256     -0.489744     -0.502014      0.214785      0.285892E-01  0.266319     -0.224745     -0.778923E-01  0.403555      0.402956      0.974979E-01 -0.146532     -0.101850     -0.862133E-01 -0.121061E-01  0.301336     -0.312410      0.101768      0.121692E-01 -0.377702     -0.233418     -0.383699     -0.285866      0.108031      0.669223E-01  0.193596      0.119264     -0.540993E-01 -0.120354     -0.193689     -0.571980E-01 -0.901491E-01 -0.275878     -0.369711E-01  0.862536E-01 -0.123747     -0.270410      0.522266E-01 -0.775550E-01 -0.161745    
 1980 -0.226955     -0.335865      0.584068E-01  0.623150E-01 -0.268951     -0.246170     -0.802374     -0.485472     -0.312956     -0.529354     -0.454863     -0.479462     -0.236451     -0.494097E-01 -0.511339     -0.432391     -0.250819E-01 -0.342268     -0.335142     -0.418650E-01 -0.166913     -0.368548     -0.314091      0.486670E-01 -0.232501E-01  0.193606      0.946260E-01 -0.716632E-01 -0.629520E-01 -0.106184      0.590507E-01  0.368127E-01 -0.208536     -0.962248E-01  0.721897E-01 -0.366950E-01 -0.198431      0.298390E-01 -0.567365E-01 -0.855628E-01
 1981  -1.47910      -1.08106     -0.477863     -0.656645     -0.614202     -0.513910     -0.850565      -1.12532     -0.795216     -0.598915     -0.500751     -0.256042      -1.01321     -0.582903     -0.829932     -0.631627     -0.750284     -0.759310     -0.745799     -0.657272     -0.929796E-01 -0.351429     -0.351790     -0.700362E-01 -0.162382      0.799586E-01 -0.317905E-01 -0.151568     -0.659428E-01 -0.665205E-01  0.125042      0.122165     -0.135865     -0.194736     -0.344665E-01 -0.247374E-02 -0.134420     -0.669601E-01 -0.847727E-01 -0.832473E-01
 1982 -0.244595     -0.702894      -1.20972     -0.734406     -0.157442      0.231089      0.488735      0.783768       1.28171       1.75469       2.95740       3.06973     -0.401177     -0.700523      0.501197       1.99793     -0.585486      0.315576      0.626505     -0.578731      0.307909E-03 -0.257144     -0.266586     -0.143180E-01 -0.134974      0.375691E-01 -0.596691E-01 -0.132624      0.119842E-01  0.167522E-01  0.198526      0.193455     -0.448902E-01 -0.138626     -0.515746E-01  0.757542E-01 -0.571225E-01 -0.486720E-01 -0.338934E-01 -0.586466E-01
 1983   2.65158       2.10520       2.30123       3.37753       3.98478       4.32367       3.81429       2.90267       1.35395      0.948986      0.361948      0.147657       2.60884       3.22118       3.68021      0.888295       2.47331       3.29281       2.35612       2.42334      0.598661E-01 -0.185447     -0.152162      0.893658E-01 -0.146128E-01  0.931236E-01 -0.458514E-02 -0.510393E-01  0.102010      0.100689      0.233549      0.212417      0.226246E-01 -0.258029E-01  0.124997E-01  0.145416      0.218317E-01  0.357104E-01  0.402646E-01  0.987985E-02
 1984 -0.362604     -0.794975     -0.783594     -0.164015     -0.941742     -0.817501     -0.591125     -0.563383     -0.795555E-01 -0.534445     -0.166182     -0.474062     -0.336641     -0.629784     -0.657336     -0.260061     -0.804303E-01 -0.526220     -0.522765      0.472089      0.589745E-01 -0.156140     -0.112414      0.741483E-01 -0.685802E-01  0.828763E-02 -0.520324E-01 -0.664218E-01  0.291132E-01  0.431683E-01  0.169552      0.155020      0.384172E-01 -0.356155E-01 -0.367221E-01  0.806110E-01  0.561791E-01 -0.125809E-01  0.688961E-02  0.331097E-01
 1985 -0.758715      -1.29399     -0.820503      -1.30357      -1.71933      -1.15043      -1.35281      -1.22891     -0.991636     -0.948935     -0.829712     -0.449741     -0.842256      -1.28113      -1.24405     -0.923428     -0.674649      -1.29111      -1.07069     -0.787941      0.249049E-01 -0.118211     -0.113487      0.360511E-01 -0.113171     -0.499618E-01 -0.694319E-01 -0.759893E-01 -0.332653E-01 -0.125803E-01  0.139052      0.135142      0.205716E-01 -0.635356E-01 -0.651276E-01  0.310689E-01  0.268246E-01 -0.509614E-01 -0.209122E-01 -0.462292E-02
 1986  0.124245E-01 -0.261440E-01 -0.663673     -0.789436      -1.02767     -0.957481     -0.461235     -0.107992      0.164595      0.208185      0.311037      0.525148     -0.154487     -0.826926     -0.508903      0.227939     -0.484297     -0.529870     -0.234354     -0.771144      0.616462E-01 -0.661518E-01 -0.118065      0.318490E-01 -0.820278E-01 -0.517630E-02  0.133946E-01 -0.209272E-04  0.194582E-01  0.378408E-01  0.185915      0.181184      0.435454E-01 -0.560814E-01  0.273252E-02  0.810712E-01  0.231738E-01 -0.375389E-02  0.216539E-01 -0.791654E-02
 1987   1.00409       1.04062       1.50671       1.61205       1.65353       1.08838       1.05013      0.804348       1.08238       1.40726       1.09467      0.592028      0.856619       1.59076      0.980953       1.19477      0.765965       1.21514       1.16135      0.712093      0.146248      0.422464E-01  0.244062E-01  0.201824      0.653412E-01  0.729662E-01  0.609631E-01  0.275259E-01  0.186243E-01  0.966464E-02  0.915555E-01  0.693548E-01  0.123226      0.971906E-01  0.538184E-01  0.399482E-01  0.102973      0.745408E-01  0.692268E-01  0.825670E-01
 1988  0.470448E-01 -0.231434     -0.738234     -0.753845      -1.08757      -1.52586      -1.32525      -1.45168      -1.28558      -1.22425     -0.987053     -0.820042      0.135880     -0.859883      -1.43426      -1.16563      0.361889      -1.23830     -0.948646      0.145076      0.505266E-01  0.254306E-01  0.676061E-01  0.246437      0.559023E-01 -0.493108E-01 -0.119440     -0.137052     -0.940663E-01 -0.101368     -0.663492E-01 -0.102496      0.484373E-01  0.123315     -0.101934     -0.872610E-01  0.523564E-01 -0.162550E-01 -0.186816E-01  0.561900E-01
 1989 -0.280106      0.802612E-02 -0.917931E-01 -0.317764E-01  -1.04300     -0.964140     -0.755495     -0.306602     -0.656675     -0.506035     -0.279453     -0.463491     -0.364041     -0.388857     -0.675412     -0.480721     -0.565870     -0.626281     -0.447545     -0.791387     -0.669211E-01 -0.337032E-01 -0.221061E-01  0.918523E-01 -0.763246E-01 -0.206773     -0.285565     -0.278287     -0.147450     -0.593165E-01 -0.356022E-01 -0.497027E-01 -0.677068E-01 -0.219281E-02 -0.256875     -0.807896E-01 -0.654906E-01 -0.150425     -0.974915E-01 -0.778956E-01
 1990 -0.454985     -0.750446E-01 -0.373262     -0.453066     -0.891819E-01 -0.180700     -0.619614     -0.448112     -0.500296     -0.735334     -0.687902     -0.560072     -0.331174     -0.305170     -0.416142     -0.641177     -0.358712     -0.381828     -0.431464     -0.382833      0.231919E-01  0.670046E-01 -0.971004E-02  0.334181E-01 -0.500616E-01 -0.187907     -0.258353     -0.260568     -0.115754      0.232901E-01  0.256197E-01 -0.100832E-01  0.134979E-01 -0.878450E-02 -0.235609     -0.222814E-01 -0.106892E-01 -0.139871     -0.599927E-01 -0.816655E-01
 1991 -0.516245     -0.300705     -0.137764     -0.225306     -0.171103      0.316330      0.623205      0.356688      0.446594      0.615486      0.669538      0.745419     -0.459007     -0.178058      0.432074      0.577206     -0.489670      0.224401      0.201845     -0.382177      0.669085E-01  0.123684      0.303664E-01 -0.262806E-01 -0.387006E-01 -0.210873     -0.257587     -0.257906     -0.121105     -0.536083E-02 -0.212317E-01 -0.119449      0.601697E-01 -0.115383E-01 -0.242122     -0.492325E-01  0.432975E-01 -0.152075     -0.697945E-01 -0.542287E-01
 1992  0.484594      0.684715       1.29961       2.23376       2.34684      0.963699     -0.336647E-01 -0.147303      0.232239E-01 -0.232334E-01 -0.100073     -0.168322      0.638243       1.96007      0.260910     -0.333608E-01  0.749894      0.897759      0.630320      0.955846     -0.587172E-01  0.479926E-01  0.556521E-02 -0.110506     -0.210061E-01 -0.151476     -0.166847     -0.140597     -0.199050E-01  0.577987E-01  0.709944E-01 -0.279849E-01 -0.433911E-01 -0.419823E-01 -0.152973      0.362960E-01 -0.252001E-01 -0.101723     -0.428907E-01 -0.892322E-01
 1993  0.795555E-02  0.381275      0.655897       1.30161       1.29172       1.14552      0.728626      0.542189      0.358624      0.506266      0.261328     -0.513115E-01  0.736362E-01   1.08308      0.805445      0.375406      0.125583      0.894715      0.594142      0.361217      0.222929E-01  0.136252      0.137577      0.320148E-01  0.206581      0.141241      0.100284      0.135113      0.196936      0.244216      0.275681      0.178447      0.435200E-01  0.125391      0.125546      0.238944      0.661551E-01  0.135362      0.150553      0.374515E-01
 1994 -0.679340E-01 -0.253725     -0.932503      -1.17978     -0.893221     -0.788601     -0.827955      -1.02760     -0.151905      0.749296      0.549377      0.780777     -0.124323      -1.00183     -0.881385      0.382256     -0.896466E-01 -0.811510     -0.336981     -0.147504      0.173937      0.260422      0.320240      0.166922      0.429330      0.350010      0.265803      0.264338      0.252179      0.301229      0.266814      0.194841      0.204268      0.305497      0.293384      0.273407      0.242157      0.288097      0.270505      0.235961    
 1995  0.748875      0.178915     -0.423674      -1.45649      -1.24259     -0.802000     -0.571745     -0.410322     -0.285366     -0.580544     -0.320833     -0.912191      0.569522      -1.04092     -0.594689     -0.395581      0.430594     -0.794752     -0.506497     -0.243748      0.136384      0.214111      0.324061      0.150430      0.446731      0.361048      0.311053      0.266597      0.245453      0.303591      0.191077      0.159261      0.181779      0.307074      0.312899      0.246707      0.239573      0.296885      0.259150      0.264831    
 1996 -0.620834     -0.365465     -0.258974      -1.83049      -1.27719      -1.76524      -1.22697     -0.873343     -0.648695     -0.733225      -1.13487      -1.19971     -0.632830      -1.12222      -1.28852     -0.838930     -0.509807      -1.27032     -0.994584     -0.766600      0.117631      0.185468      0.340671      0.197096      0.419392      0.303740      0.270096      0.199482      0.179411      0.236331      0.844434E-01  0.443547E-01  0.154120      0.319053      0.257773      0.166728      0.216283      0.261536      0.214843      0.253419    
 1997 -0.875164     -0.133884      0.605988      0.968594       2.25694       3.08408       3.63066       3.91588       3.91967       3.61186       4.38510       4.14616     -0.736253       1.27717       3.54354       3.97221     -0.578478       2.96264       2.45966      0.747841E-02  0.512795E-01  0.146637      0.335217      0.152113      0.321270      0.227524      0.202784      0.132958      0.108535      0.165215      0.554554E-01  0.120444E-01  0.807571E-01  0.269533      0.187756      0.109735      0.149711      0.190864      0.159253      0.187347    
 1998   3.54650       2.70826       2.80273       2.74003       2.86077       2.33278       1.43684      0.950998      0.213943      0.299505     -0.183752     -0.245543       3.46697       2.80118       1.57354      0.109899       3.53344       1.75589       1.62192       3.38337     -0.390643E-02  0.917781E-01  0.278503     -0.572313E-02  0.103925      0.851887E-01  0.109015      0.994508E-01  0.760258E-01  0.167300      0.105301      0.811039E-01  0.333054E-01  0.125568      0.978848E-01  0.116209      0.998482E-01  0.779804E-01  0.989969E-01  0.102230    
 1999 -0.746685     -0.448275      0.205059E-01 -0.827515     -0.536371     -0.647390     -0.207214     -0.124783      -1.05133     -0.889544      -1.26010     -0.710102     -0.480168     -0.447793     -0.326462      -1.06699     -0.217374     -0.565767     -0.619067     -0.594783E-01 -0.306291E-02  0.843041E-01  0.259003     -0.611047E-01 -0.608912E-01 -0.413708E-01  0.278349E-01  0.862686E-01  0.292103E-01  0.120000      0.110078      0.663194E-01  0.541150E-01  0.456692E-01  0.242443E-01  0.864297E-01  0.115658     -0.334212E-02  0.513825E-01  0.679229E-01
 2000 -0.739464     -0.544964     -0.409153      0.128441E-01 -0.247782     -0.276701     -0.262894     -0.584753     -0.240166     -0.304575      -1.22199      -1.02507     -0.664843     -0.214697     -0.374783     -0.588910     -0.758888     -0.266575     -0.487056     -0.537358     -0.463289E-01  0.466612E-01  0.225654      0.289462E-01 -0.364142E-01 -0.422277E-01  0.445424E-01  0.100561     -0.166595E-05  0.527220E-01  0.590936E-01  0.378043E-01  0.222172E-01  0.727287E-01  0.342921E-01  0.372713E-01  0.870641E-01  0.159011E-01  0.392511E-01  0.513335E-01
 2001 -0.606825     -0.403635      0.230328      0.242104     -0.559292     -0.733820     -0.552645     -0.848972      -1.13438      -1.16048     -0.929043      -1.08770     -0.678510     -0.289533E-01 -0.711812      -1.07463     -0.555294     -0.597834     -0.628697     -0.455882     -0.701595E-01  0.283532E-01  0.181039      0.105572      0.579736E-01  0.480883E-01  0.130027      0.178794      0.568523E-01  0.104491      0.963666E-01  0.125286     -0.133397E-02  0.114861      0.118970      0.859034E-01  0.481421E-01  0.962177E-01  0.868903E-01  0.537990E-01
 2002 -0.751854      0.110245E-01  0.822447      0.866684      0.772589      0.489529     -0.204054     -0.272121      0.186693      0.330406      0.918747       1.01859     -0.609510      0.820573      0.445133E-02  0.478615     -0.515934      0.306553      0.349057     -0.291900      0.211490E-01  0.776228E-01  0.124441      0.209942E-01 -0.917056E-01 -0.967423E-01 -0.254863E-01  0.145146E-02 -0.108048     -0.657998E-01 -0.116744     -0.763291E-01  0.746858E-01  0.179098E-01 -0.402590E-01 -0.968640E-01  0.915594E-01 -0.499228E-01 -0.279331E-01  0.622979E-01
 2003  0.140686     -0.422153E-01 -0.122261E-02 -0.488035      -1.48092      -1.22702     -0.976374     -0.314140E-02 -0.455036      0.194345      0.239418      0.142967      0.372354     -0.656726     -0.735512     -0.709101E-02  0.394165     -0.771754     -0.329712     -0.933722E-01 -0.101695     -0.267089E-01 -0.516296E-01 -0.198112     -0.394209     -0.408715     -0.275457     -0.232708     -0.313389     -0.322971     -0.430794     -0.383475     -0.682444E-01 -0.214650     -0.305627     -0.355718     -0.731511E-01 -0.303765     -0.261655     -0.131002    
 2004 -0.183794      0.202847E-01 -0.665382     -0.497766      -1.41691     -0.947250     -0.746555     -0.745913     -0.274555      0.115215      0.666838      0.290808     -0.684744E-02 -0.860019     -0.813239      0.169166     -0.420269E-01 -0.771492     -0.365415     -0.379053     -0.272446     -0.155266     -0.207467     -0.247222     -0.452208     -0.422354     -0.247998     -0.163829     -0.196816     -0.263650     -0.360054     -0.336274     -0.270396     -0.302299     -0.278060     -0.273507     -0.295403     -0.288405     -0.277132     -0.309647    
 2005 -0.585556E-03 -0.847954      -1.35778     -0.337486     -0.229362     -0.660490     -0.318995     -0.406153     -0.746956      -1.29203      -1.45799     -0.992523     -0.185911     -0.641543     -0.461879      -1.16566     -0.188910     -0.449907     -0.720692     -0.343985     -0.189172     -0.124354     -0.216553     -0.183244     -0.367863     -0.330823     -0.233766     -0.150901     -0.167784     -0.253520     -0.287138     -0.271076     -0.216600     -0.255887     -0.238497     -0.236147     -0.248343     -0.239064     -0.231349     -0.248386    
 2006 -0.347984      0.295246     -0.217173      -1.41698     -0.402662     -0.100431      0.229965      0.687138      0.949974       1.01365      0.747747      0.630247     -0.348420     -0.678938      0.272224      0.903790     -0.668742     -0.883267E-02  0.172395     -0.617053     -0.128509     -0.691776E-01 -0.239350     -0.202978     -0.293817     -0.252649     -0.234961     -0.154796     -0.196392     -0.284765     -0.275875     -0.250216     -0.156254     -0.245382     -0.214135     -0.252344     -0.208128     -0.222599     -0.215290     -0.212555    
 2007  0.678156      0.190796     -0.567774      -1.13647      -1.61117      -1.47734     -0.936535      -1.19145     -0.977005      -1.54084      -1.75973      -1.71609      0.499733      -1.10514      -1.20177      -1.42586      0.448804      -1.22166      -1.00379      0.279099E-01 -0.917701E-01 -0.315236E-01 -0.321557     -0.217030     -0.240431     -0.163603     -0.169649     -0.106951     -0.183275     -0.303320     -0.328211     -0.329688     -0.124503     -0.259673     -0.146735     -0.271602     -0.209284     -0.180157     -0.207251     -0.205243    
 2008 -0.463705      0.296946      0.455086      0.462965      0.678818      0.654739       1.00462       1.37513       1.00380      0.308775     -0.319921     -0.526213     -0.627616      0.532290       1.01150      0.330885     -0.788056      0.863345      0.410920     -0.503067     -0.101162     -0.388956E-01 -0.380671     -0.243959     -0.223207     -0.157646     -0.165703     -0.146516     -0.204797     -0.387121     -0.437289     -0.457784     -0.156582     -0.282612     -0.156621     -0.343069     -0.246991     -0.190304     -0.245396     -0.213886    
 2009 -0.151505     -0.608105     -0.748604      0.467354      0.485598      0.757870      0.774195      0.828669      0.490265      0.287605      0.290867      0.514597     -0.428608      0.681160E-01  0.786911      0.356246     -0.340929      0.633992      0.282401      0.254067     -0.129705     -0.944760E-01 -0.388281     -0.249185     -0.872466E-01 -0.541367E-01 -0.105578     -0.121734     -0.167060     -0.407778     -0.474001     -0.487273     -0.227322     -0.241571     -0.938164E-01 -0.349613     -0.315776     -0.130824     -0.230538     -0.233520    
 2010  0.330854      0.233116      0.178247     -0.245476E-02  0.417139      0.148670     -0.959675      -1.27964      -1.20112      -1.27911      -1.31463     -0.945822      0.359522      0.197644     -0.696882      -1.26495      0.305881     -0.479513     -0.472869      0.374314     -0.125164     -0.999390E-01 -0.290525     -0.151619      0.140902      0.223703      0.126671      0.626953E-01  0.369554E-01 -0.211356     -0.285126     -0.328341     -0.237459     -0.100414      0.137690     -0.153175     -0.314113      0.732178E-01 -0.750954E-01 -0.172172    
 2011 -0.463884     -0.781956E-01 -0.813023     -0.137285      0.256708      0.404280      0.120235     -0.231983     -0.745575     -0.810844     -0.611143     -0.749743     -0.495967     -0.231200      0.975107E-01 -0.722521     -0.815777     -0.556033E-01 -0.321704     -0.650950     -0.233031E-01 -0.245189E-01 -0.133019      0.162511E-01  0.290359      0.415357      0.274265      0.143489      0.168717     -0.767891E-01 -0.133046     -0.185095     -0.125388      0.578637E-01  0.277704     -0.137061E-01 -0.167611      0.218073      0.610556E-01 -0.478128E-02
 2012 -0.160025      0.438665      0.221657      0.965025       1.02431       1.13235      0.429306      0.677776E-01  0.602150E-01 -0.390335     -0.445883     -0.908812     -0.157034      0.736997      0.543145     -0.258668     -0.278572      0.613164      0.202854      0.494107E-01  0.980005E-01  0.913345E-01  0.600072E-01  0.225427      0.442256      0.527028      0.310629      0.164079      0.158442     -0.760631E-01 -0.138683     -0.183924      0.141348E-02  0.242563      0.333912     -0.187683E-01 -0.242646E-01  0.304643      0.139878      0.136300    
 2013 -0.638975     -0.617294     -0.582703      -1.12494      -1.38815      -1.75070      -1.53080      -1.13432     -0.758995     -0.760935     -0.577513     -0.491543     -0.721694      -1.03193      -1.47194     -0.699148     -0.597334      -1.28132     -0.946406     -0.607541      0.141822      0.145562      0.156911      0.331086      0.534297      0.592058      0.309021      0.145482      0.123469     -0.589753E-01 -0.100700     -0.150521      0.562373E-01  0.340765      0.348854     -0.120685E-01  0.345834E-01  0.339236      0.180793      0.200438    
 2014  0.249958E-01 -0.516245     -0.236113      0.346050E-01   1.20952       1.64662       1.01036      0.880888      0.784143      0.657345      0.749538      0.335537     -0.327597      0.336004       1.17929      0.730342     -0.426226      0.927689      0.548433     -0.257560      0.194696      0.180990      0.192636      0.315313      0.528660      0.578617      0.240740      0.329627E-01  0.501091E-01 -0.100995     -0.110838     -0.167547      0.124984      0.345537      0.284107     -0.539078E-01  0.105063      0.291067      0.161279      0.238666    
 2015 -0.118546     -0.420685      0.168077       1.08146       1.70718       2.30243       2.56907       1.65564       2.27466       2.09429       2.23681       2.14138     -0.678980E-01  0.985572       2.17571       2.20192      0.228544       1.93174       1.47431      0.761477      -999.900      -999.900      -999.900      -999.900      -999.900      -999.900      -999.900      -999.900      -999.900      -999.900      -999.900      -999.900      -999.900      -999.900      -999.900      -999.900      -999.900      -999.900      -999.900      -999.900    
 2016   1.80719       1.37638       1.40710      0.521484      0.649929      0.769730      0.293785      0.241219      0.563583      0.318666      0.945473E-01  0.361279       1.77498      0.859504      0.434911      0.325599       1.84386      0.506622      0.700408       1.62531      -999.900      -999.900      -999.900      -999.900      -999.900      -999.900      -999.900      -999.900      -999.900      -999.900      -999.900      -999.900      -999.900      -999.900      -999.900      -999.900      -999.900      -999.900      -999.900      -999.900    
 2017  0.949055       1.42673       1.66847       1.10859      0.374178     -0.114071     -0.273085     -0.333733     -0.796116     -0.831335      -1.21928      -1.42372      0.912355       1.05041     -0.240296     -0.948910      0.803125     -0.570617E-02  0.446403E-01  0.607169      -999.900      -999.900      -999.900      -999.900      -999.900      -999.900      -999.900      -999.900      -999.900      -999.900      -999.900      -999.900      -999.900      -999.900      -999.900      -999.900      -999.900      -999.900      -999.900      -999.900    

