# sst [degree_C]
# series: averaged file ./data/iersst_nino3a.dat
#year     Jan     Feb     Mar     Apr     May     Jun     Jul     Aug     Sep     Oct     Nov     Dec     DJF     MAM     JJA     SON Oct-Mar Apr-Sep Jan-Dec Jul-Jun; repeated with 10-yr running average
#                                                                                                     (the year is the year of the last month)
 1854 -0.216816     -0.301914     -0.367144     -0.286264     -0.160484     -0.558453E-01 -0.166348     -0.780394     -0.534214     -0.693693      -1.01399      -1.27493      -999.900     -0.271297     -0.334196     -0.747299      -999.900     -0.330592     -0.487670      -999.900      -999.900      -999.900      -999.900      -999.900      -999.900      -999.900      -999.900      -999.900      -999.900      -999.900      -999.900      -999.900      -999.900      -999.900      -999.900      -999.900      -999.900      -999.900      -999.900      -999.900    
 1855 -0.691256      0.103327     -0.177065     -0.220066     -0.177444     -0.213634      0.180532      0.372696      0.576546      0.801466      0.833349      0.816500     -0.620953     -0.191525      0.113198      0.737120     -0.624601      0.864383E-01  0.183746     -0.486642      -999.900      -999.900      -999.900      -999.900      -999.900      -999.900      -999.900      -999.900      -999.900      -999.900      -999.900      -999.900      -999.900      -999.900      -999.900      -999.900      -999.900      -999.900      -999.900      -999.900    
 1856  0.401594      0.364151E-01  0.195425     -0.579725      -1.02052      -1.15691      -1.38488      -1.79248      -1.71459      -1.82528      -1.99063      -1.85256      0.418170     -0.468273      -1.44476      -1.84350      0.514125      -1.27485      -1.05701      0.121447      -999.900      -999.900      -999.900      -999.900      -999.900      -999.900      -999.900      -999.900      -999.900      -999.900      -999.900      -999.900      -999.900      -999.900      -999.900      -999.900      -999.900      -999.900      -999.900      -999.900    
 1857  -1.84516      -1.52847      -1.21368      -1.19908     -0.884834     -0.344625      0.505257E-02 -0.158195      0.136852E-01 -0.768433E-01 -0.228920      0.688591E-01  -1.74206      -1.09920     -0.165922     -0.973594E-01  -1.70930     -0.427999     -0.616018      -1.46469     -0.657276     -0.537930     -0.551591     -0.809180     -0.768122     -0.633346     -0.462150     -0.648531     -0.584127     -0.672965     -0.643480     -0.700472      -999.900     -0.709631     -0.581342     -0.633524      -999.900     -0.650909     -0.639097      -999.900    
 1858  0.153204      0.945854E-01 -0.157354     -0.229616     -0.182045     -0.228575     -0.189688     -0.578705     -0.691635     -0.499733      0.126431     -0.450171      0.105549     -0.189672     -0.332323     -0.354979     -0.244115E-01 -0.350044     -0.236108     -0.771802E-01 -0.685371     -0.539399     -0.591520     -0.847521     -0.816011     -0.715443     -0.481284     -0.649983     -0.550264     -0.658194     -0.621060     -0.654906     -0.669436     -0.751684     -0.615570     -0.609839     -0.657111     -0.676751     -0.650913     -0.686434    
 1859 -0.525105     -0.466394     -0.652994      -1.05128     -0.740305     -0.519434     -0.297058     -0.389414     -0.853645     -0.898375     -0.575939     -0.514421     -0.480557     -0.814860     -0.401969     -0.775986     -0.411328     -0.641856     -0.623697     -0.519918     -0.699723     -0.534936     -0.613463     -0.869334     -0.846824     -0.758605     -0.488336     -0.629631     -0.543175     -0.625977     -0.562384     -0.532559     -0.642415     -0.776540     -0.625524     -0.577179     -0.638821     -0.689318     -0.642079     -0.674418    
 1860 -0.919525     -0.864124     -0.643705      -1.45296      -1.45980     -0.980894     -0.742609      -1.06640      -1.16784      -1.55732      -1.66514      -1.60034     -0.766023      -1.18549     -0.929968      -1.46343     -0.736015      -1.14508      -1.17672     -0.820822     -0.714756     -0.574785     -0.629203     -0.903851     -0.888997     -0.800397     -0.552902     -0.657755     -0.586190     -0.660109     -0.575423     -0.511842     -0.607367     -0.807350     -0.670352     -0.607241     -0.606611     -0.731682     -0.671351     -0.657838    
 1861  -1.45735      -1.19909      -1.13733      -1.20072      -1.17661      -1.09048     -0.874767     -0.748955     -0.616354     -0.715464     -0.728519     -0.764051      -1.41893      -1.17155     -0.904734     -0.686779      -1.43609     -0.951314     -0.975808      -1.25510     -0.750533     -0.615922     -0.668622     -0.925638     -0.886487     -0.795951     -0.562096     -0.638831     -0.576221     -0.655054     -0.561946     -0.502251     -0.626099     -0.826916     -0.665626     -0.597741     -0.630408     -0.730871     -0.678296     -0.682281    
 1862 -0.972866     -0.893475      -1.06936      -1.31663      -1.45399      -1.58609     -0.917019     -0.741325      0.459347E-01 -0.509914     -0.452450     -0.765800     -0.876797      -1.27999      -1.08148     -0.305476     -0.857289     -0.994853     -0.886082     -0.978377     -0.714783     -0.588554     -0.698681     -0.925274     -0.813739     -0.765061     -0.545317     -0.594468     -0.543054     -0.611124     -0.495482     -0.495369     -0.601862     -0.812565     -0.634949     -0.549887     -0.620211     -0.697819     -0.649242     -0.666874    
 1863 -0.875496     -0.210304     -0.792475      -1.03022     -0.992155      -1.24044     -0.370819     -0.583334     -0.570786     -0.555374     -0.408520      0.230619     -0.617200     -0.938283     -0.731531     -0.511560     -0.601073     -0.797959     -0.616609     -0.706805     -0.717134     -0.583171     -0.715373     -0.944584     -0.773773     -0.783621     -0.588348     -0.605324     -0.548904     -0.611942     -0.511790     -0.529089     -0.598558     -0.811243     -0.659098     -0.557545     -0.602942     -0.707426     -0.659421     -0.650206    
 1864 -0.313715     -0.541754     -0.605045     -0.539816     -0.600595     -0.394094     -0.417858     -0.440004     -0.371914     -0.152164     -0.530205E-01  0.286489     -0.208283     -0.581819     -0.417319     -0.192366     -0.365632     -0.460713     -0.345291     -0.437769     -0.751894     -0.619407     -0.732343     -0.956446     -0.795120     -0.825916     -0.651932     -0.676317     -0.584759     -0.639218     -0.529314     -0.556026     -0.633464     -0.827969     -0.718055     -0.584430     -0.626078     -0.748415     -0.693225     -0.673043    
 1865 -0.895035     -0.453804     -0.253954     -0.656855     -0.580795     -0.711226     -0.859289     -0.530174     -0.446064     -0.422705     -0.388390     -0.330591     -0.354117     -0.497201     -0.700230     -0.419053     -0.253581     -0.630734     -0.544074     -0.391678     -0.734026     -0.633262     -0.731117     -0.915932     -0.790932     -0.858019     -0.723276     -0.734615     -0.632382     -0.688319     -0.526608     -0.603511     -0.641105     -0.812660     -0.771970     -0.615770     -0.637161     -0.775859     -0.714333     -0.691738    
 1866 -0.110155     -0.229204     -0.516064     -0.578686     -0.566956     -0.570404     -0.528929     -0.511135     -0.492594     -0.500023     -0.499359     -0.513641     -0.223317     -0.553902     -0.536823     -0.497325     -0.332851     -0.541451     -0.468096     -0.462390     -0.726049     -0.618814     -0.683555     -0.813384     -0.724898     -0.823812     -0.708583     -0.677961     -0.592616     -0.662786     -0.493062     -0.589384     -0.649458     -0.740612     -0.736785     -0.582821     -0.641143     -0.723542     -0.676242     -0.691602    
 1867 -0.618416     -0.715473      -1.10338      -1.19284      0.116566     -0.313324     -0.515318     -0.552275     -0.544975     -0.523483     -0.390909      -1.13243     -0.615843     -0.726551     -0.460306     -0.486456     -0.658382     -0.500361     -0.623855     -0.572712     -0.710296     -0.604261     -0.626442     -0.722123     -0.650871     -0.756540     -0.634586     -0.660788     -0.601467     -0.673976     -0.514868     -0.628496     -0.634647     -0.666479     -0.683971     -0.596770     -0.614372     -0.671062     -0.648726     -0.649577    
 1868  -1.12056     -0.610764     -0.601484     -0.622046     -0.384125     -0.631075     -0.529938     -0.401745     -0.249964     -0.694542E-01 -0.377407E-01  0.767193E-01 -0.954585     -0.535885     -0.520919     -0.119053     -0.729938     -0.469815     -0.431848     -0.635787     -0.735626     -0.692061     -0.671668     -0.735544     -0.622280     -0.686611     -0.587170     -0.653391     -0.647208     -0.741691     -0.599360     -0.745352     -0.685394     -0.676497     -0.642390     -0.662753     -0.652783     -0.655367     -0.676497     -0.654831    
 1869  0.534554E-01 -0.485764     -0.548265     -0.896095     -0.965166     -0.962835      -1.22850      -1.98624      -2.01242      -1.87419     -0.762249      -1.58005     -0.118530     -0.803175      -1.39253      -1.54962     -0.168508      -1.34188      -1.10403     -0.418066     -0.814648     -0.820998     -0.767640     -0.821091     -0.669748     -0.705609     -0.621797     -0.666527     -0.694599     -0.843887     -0.726388     -0.911116     -0.793666     -0.752827     -0.664644     -0.754958     -0.748282     -0.696562     -0.755338     -0.714492    
 1870  -1.14071      -1.12186     -0.723915     -0.797874      -1.15119      -1.17955      -1.23804     -0.635534     -0.961525      -1.56352      -1.42470      -1.48441      -1.28087     -0.890993      -1.01771      -1.31658      -1.20050     -0.993952      -1.11857      -1.29656     -0.879225     -0.889137     -0.832858     -0.880488     -0.742447     -0.786636     -0.669180     -0.725602     -0.759447     -0.941198     -0.831684      -1.03032     -0.893160     -0.818598     -0.727140     -0.844109     -0.847102     -0.760633     -0.830685     -0.789592    
 1871  -1.07664     -0.652384     -0.105894      0.195166     -0.164536     -0.207674     -0.854778E-01 -0.467339E-01 -0.273552E-01 -0.198605     -0.298040     -0.597441      -1.07114     -0.250880E-01 -0.113295     -0.174667      -1.05126     -0.561018E-01 -0.272135     -0.776641     -0.941794     -0.976741     -0.911870     -0.952172     -0.815216     -0.820235     -0.650733     -0.734090     -0.761899     -0.923324     -0.799331     -0.988433     -0.982950     -0.893086     -0.735019     -0.828185     -0.938934     -0.789057     -0.856320     -0.864621    
 1872  -1.03852      -1.14912     -0.958525     -0.887306     -0.985535      -1.12346     -0.226358      -1.10008     -0.720074      -1.25057      -1.31905      -1.71464     -0.928360     -0.943789     -0.816633      -1.09656     -0.706709     -0.840469      -1.03944     -0.616343     -0.926350     -0.986220     -0.881236     -0.903271     -0.816955     -0.759654     -0.519360     -0.571369     -0.585584     -0.724633     -0.580605     -0.716187     -0.967001     -0.867154     -0.616795     -0.630274     -0.917482     -0.692699     -0.747619     -0.844291    
 1873  -1.31644      -1.71067      -1.80784      -1.72795     -0.888775     -0.304485     -0.113157     -0.766354E-01 -0.719595      -1.16901      -1.23177      -1.15767      -1.58058      -1.47485     -0.164759      -1.04013      -1.51987     -0.638433      -1.01867      -1.17391     -0.656898     -0.756017     -0.704080     -0.714985     -0.696329     -0.654872     -0.408179     -0.416144     -0.448410     -0.603180     -0.452590     -0.565601     -0.709700     -0.705131     -0.493065     -0.501393     -0.689736     -0.556486     -0.589774     -0.656743    
 1874  -1.45321      -1.62011      -1.50912      -1.55304      -1.65335      -1.71002      -1.36807      -1.20944      -1.17094      -1.58246      -1.77033      -1.64051      -1.41033      -1.57184      -1.42918      -1.50791      -1.35682      -1.44414      -1.52005      -1.16389     -0.497928     -0.590940     -0.610598     -0.619516     -0.616237     -0.635068     -0.406693     -0.369082     -0.416389     -0.610588     -0.526036     -0.609106     -0.551490     -0.615450     -0.470281     -0.517671     -0.553473     -0.510497     -0.542348     -0.538699    
 1875  -1.04707     -0.738243     -0.654224     -0.831566     -0.982016      -1.01584     -0.856739     -0.942234     -0.943985     -0.938623     -0.776989     -0.787561      -1.14194     -0.822602     -0.938271     -0.886532      -1.23881     -0.928730     -0.876258      -1.16756     -0.560155     -0.567429     -0.583688     -0.587432     -0.559594     -0.600304     -0.355500     -0.307537     -0.320446     -0.500283     -0.481855     -0.521645     -0.578897     -0.576905     -0.421114     -0.434195     -0.576167     -0.455135     -0.495489     -0.533041    
 1876  -1.20951      -1.69684      -1.69605      -1.83766      -1.62111     -0.937765     -0.162529     -0.268824     -0.437241E-01  0.373377      0.536301      0.780960      -1.23130      -1.71827     -0.456373      0.288651      -1.18426     -0.811935     -0.648615      -1.18709     -0.525173     -0.511931     -0.549205     -0.577544     -0.499182     -0.554486     -0.315999     -0.307697     -0.298132     -0.440351     -0.426096     -0.448656     -0.519583     -0.541977     -0.392727     -0.388193     -0.515015     -0.425507     -0.454538     -0.475399    
 1877  0.789825      0.562576      0.689285       1.04416       1.13593       1.26565       1.74573       2.45982       2.53245       2.57694       2.94795       3.01790      0.711120      0.956458       1.82373       2.68578      0.622054       1.69729       1.73068      0.558582     -0.443622     -0.448152     -0.511288     -0.547631     -0.454752     -0.551399     -0.378175     -0.324793     -0.334708     -0.446278     -0.435324     -0.414861     -0.446810     -0.504557     -0.418122     -0.405437     -0.453028     -0.431910     -0.440915     -0.432815    
 1878   2.86024       2.71526       1.14898      0.906675       1.00904     -0.114405     -0.567358     -0.309324     -0.583895     -0.740833     -0.816309      -1.06190       2.86447       1.02156     -0.330362     -0.713679       2.54454      0.567888E-01  0.370514       1.98388     -0.398957     -0.353290     -0.403162     -0.417264     -0.379191     -0.545296     -0.443091     -0.344721     -0.339410     -0.380582     -0.360195     -0.342706     -0.389036     -0.399873     -0.444369     -0.360062     -0.408646     -0.411496     -0.392322     -0.402608    
 1879 -0.747946     -0.510254     -0.429085     -0.515436     -0.756485      -1.08343      -1.16136      -1.13742      -1.03807      -1.35096      -1.45260      -1.31153     -0.773367     -0.567002      -1.12740      -1.28054     -0.717721     -0.948700     -0.957881     -0.676855     -0.333240     -0.233972     -0.269442     -0.261970     -0.243180     -0.451028     -0.399404     -0.311641     -0.250302     -0.236643     -0.178654     -0.191345     -0.303306     -0.258197     -0.387358     -0.221866     -0.320023     -0.319587     -0.280068     -0.333628    
 1880  -1.58384     -0.627144     -0.304895     -0.536856     -0.227015     -0.363665     -0.281328     -0.253454     -0.170155E-01  0.119347      0.149281     -0.370979E-02  -1.17417     -0.356255     -0.299482      0.838708E-01  -1.10516     -0.279889     -0.327525     -0.924613     -0.224047     -0.146429     -0.201261     -0.186993     -0.117789     -0.324071     -0.337653     -0.225989     -0.107767     -0.650459E-01  0.150869E-01 -0.105019E-01 -0.187274     -0.168681     -0.295905     -0.525754E-01 -0.196397     -0.216711     -0.161039     -0.230715    
 1881  0.661240E-01 -0.371532E-01  0.164736      0.131905      0.119524     -0.107214     -0.252159     -0.432024     -0.525595     -0.682835     -0.756849     -0.618351      0.842034E-02  0.138722     -0.263799     -0.655093      0.764375E-01 -0.177594     -0.244158      0.425354E-02 -0.921432E-01 -0.653442E-01 -0.160890     -0.132905     -0.673237E-01 -0.316730     -0.395223     -0.257427     -0.105614     -0.706507E-01 -0.590330E-02 -0.604689E-01 -0.559964E-01 -0.120373     -0.323127     -0.607228E-01 -0.631398E-01 -0.212537     -0.144219     -0.130601    
 1882 -0.550276     -0.488764     -0.470814     -0.225786     -0.380985      -1.16217      -1.30321      -1.05671     -0.953344     -0.884884      -1.04481      -1.01784     -0.552464     -0.359195      -1.17403     -0.961013     -0.594648     -0.847034     -0.794966     -0.545551     -0.146784     -0.128019     -0.235309     -0.176846     -0.146339     -0.446615     -0.574198     -0.448741     -0.291291     -0.286908     -0.259375     -0.330437     -0.111757     -0.186165     -0.489851     -0.279191     -0.107856     -0.347338     -0.289238     -0.181267    
 1883 -0.911366     -0.473783     -0.133034      0.217875      0.178852E-01 -0.143715     -0.334618     -0.518574     -0.580364     -0.220764     -0.341034E-02 -0.411360     -0.800996      0.342421E-01 -0.332302     -0.268179     -0.744286     -0.223585     -0.291269     -0.640578     -0.401540     -0.370840     -0.378869     -0.288156     -0.262003     -0.507970     -0.635526     -0.528947     -0.331008     -0.309665     -0.286640     -0.327317     -0.367606     -0.309676     -0.557481     -0.309104     -0.337995     -0.425602     -0.385707     -0.366694    
 1884 -0.543955     -0.470634     -0.509525     -0.392975      0.160215      0.145760E-01 -0.272869     -0.105894      0.471985      0.348076      0.632120      0.640388     -0.475316     -0.247428     -0.121396      0.484060     -0.359941     -0.208270E-01 -0.237436E-02 -0.317616     -0.390170     -0.391067     -0.356834     -0.267280     -0.253312     -0.454749     -0.596583     -0.506601     -0.288640     -0.237838     -0.173846     -0.180836     -0.369518     -0.292475     -0.519311     -0.233441     -0.343615     -0.394528     -0.341480     -0.377710    
 1885  0.227535     -0.136864     -0.290195     -0.492105     -0.287766     -0.201305     -0.716928     -0.332745      0.263786      0.562777      0.695379      0.548409      0.243686     -0.356689     -0.416993      0.507314      0.236843     -0.294511     -0.133352E-01  0.444255E-01 -0.253905     -0.350780     -0.345898     -0.253985     -0.257833     -0.465095     -0.657481     -0.576842     -0.393446     -0.351738     -0.277606     -0.218907     -0.261841     -0.285905     -0.566473     -0.340930     -0.257184     -0.434114     -0.366960     -0.325987    
 1886  0.153965     -0.676523      -1.25266      -1.09536      -1.30605      -1.60547      -1.45374      -1.50707      -1.20844      -1.24012      -1.35587      -1.55435      0.861700E-02  -1.21802      -1.52209      -1.26814      0.522450E-02  -1.36269      -1.17514     -0.396785     -0.270859     -0.428136     -0.421438     -0.276658     -0.277667     -0.468748     -0.683894     -0.613443     -0.450974     -0.404144     -0.333044     -0.233211     -0.305967     -0.325254     -0.588695     -0.396054     -0.328114     -0.461897     -0.405185     -0.384961    
 1887  -1.66647      -1.71124      -1.24249     -0.576946     -0.759436     -0.664354     -0.542549     -0.128204     -0.163651E-01 -0.134705     -0.229309     -0.461597E-01  -1.64402     -0.859624     -0.445036     -0.126793      -1.46176     -0.447976     -0.643186      -1.24504     -0.272120     -0.430168     -0.456842     -0.292182     -0.296340     -0.455376     -0.679306     -0.642896     -0.501934     -0.445539     -0.353416     -0.263104     -0.311833     -0.348455     -0.592526     -0.433629     -0.354922     -0.478006     -0.424102     -0.410145    
 1888  0.221424      0.132666      0.209566      0.301575      0.591125      0.588495      0.494362      0.674566       1.17059       1.51566       1.81565       2.06457      0.102643      0.367422      0.585808       1.50063      0.255804E-01  0.636786      0.815021      0.789633E-01 -0.307950     -0.487421     -0.550085     -0.402003     -0.388029     -0.523744     -0.732949     -0.715591     -0.586772     -0.568347     -0.466657     -0.345772     -0.352825     -0.446706     -0.657428     -0.540592     -0.401252     -0.558181     -0.506277     -0.462119    
 1889   2.11826       1.66780      0.951035      0.507185     -0.164755     -0.721905      -1.44423      -1.67439      -1.94520      -2.17090      -1.82869      -1.50839       1.95021      0.431155      -1.28017      -1.98160       1.68883     -0.907216     -0.517848       1.00775     -0.385995     -0.590432     -0.670210     -0.521457     -0.502002     -0.616675     -0.801357     -0.792881     -0.694181     -0.700362     -0.617217     -0.466418     -0.440733     -0.564556     -0.736971     -0.670586     -0.504569     -0.654759     -0.613266     -0.558572    
 1890  -1.72475      -1.99946      -1.46630      -1.29357     -0.909155     -0.932116      -1.21641      -1.12129      -1.20602      -1.33872      -1.54982     -0.568260      -1.74420      -1.22301      -1.08994      -1.36485      -1.78308      -1.11309      -1.27716      -1.57476     -0.479093     -0.656861     -0.753062     -0.570967     -0.545747     -0.651621     -0.802444     -0.820082     -0.777611     -0.787980     -0.725298     -0.555310     -0.534124     -0.623259     -0.758049     -0.763630     -0.612169     -0.694746     -0.677173     -0.644147    
 1891 -0.132046     -0.211964     -0.184664      0.435144      0.404985      0.388176      0.154673     -0.296215     -0.487135     -0.272884     -0.166510     -0.339880     -0.304090      0.218488      0.822113E-01 -0.308843     -0.664246      0.999380E-01 -0.590267E-01 -0.525074     -0.539796     -0.659214     -0.734873     -0.525442     -0.477475     -0.565538     -0.673081     -0.687267     -0.684268     -0.685494     -0.599305     -0.394096     -0.584773     -0.579263     -0.641962     -0.656356     -0.667079     -0.602179     -0.602154     -0.664255    
 1892 -0.377325     -0.354584     -0.829494     -0.839506      -1.03991      -1.39011      -1.61829      -1.78158      -2.01101      -2.12273      -2.04258      -1.89418     -0.357263     -0.902970      -1.59666      -2.05877     -0.390113      -1.44673      -1.35844     -0.519907     -0.379801     -0.501686     -0.607533     -0.465204     -0.407822     -0.469864     -0.566223     -0.586469     -0.606666     -0.592508     -0.491739     -0.269774     -0.425195     -0.493520     -0.540852     -0.563638     -0.527986     -0.517042     -0.495441     -0.546285    
 1893  -1.80090      -1.75303      -1.63922      -1.36481      -1.15697      -1.28313      -1.09240      -1.24761      -1.21945      -1.43908      -1.27048      -1.18837      -1.81604      -1.38700      -1.20771      -1.30967      -1.87544      -1.22740      -1.37129      -1.70570     -0.259098     -0.417003     -0.609407     -0.520335     -0.458649     -0.529081     -0.635669     -0.704389     -0.744773     -0.742032     -0.674693     -0.469876     -0.315291     -0.529464     -0.623046     -0.720499     -0.439921     -0.598816     -0.563750     -0.492246    
 1894  -1.21534      -1.25161      -1.40584      -1.19938     -0.944386     -0.704645     -0.883238     -0.922655      -1.03711      -1.07391      -1.11200     -0.995520      -1.21844      -1.18320     -0.836846      -1.07434      -1.29512     -0.948569      -1.06214      -1.18155     -0.447173     -0.580044     -0.747508     -0.600073     -0.512015     -0.562751     -0.635515     -0.696636     -0.715804     -0.699927     -0.657477     -0.482505     -0.499031     -0.619865     -0.631634     -0.691070     -0.610221     -0.620466     -0.611452     -0.618416    
 1895 -0.963036     -0.684464      -1.05091     -0.675905     -0.580750E-01 -0.181005     -0.128307     -0.599937E-01  0.104265      0.232397      0.277880      0.406479     -0.881007     -0.594963     -0.123102      0.204847     -0.979973     -0.166503     -0.231723     -0.803152     -0.443195     -0.536944     -0.696348     -0.530310     -0.430258     -0.460144     -0.489531     -0.545843     -0.535123     -0.477266     -0.433193     -0.323224     -0.487548     -0.552305     -0.498506     -0.481861     -0.586066     -0.498535     -0.491782     -0.582089    
 1896  0.130474     -0.175983     -0.128174     -0.104523E-02 -0.170296      0.959053E-01  0.544891      0.876476      0.817945       1.13999       1.58149       1.81185      0.120323     -0.998384E-01  0.505757       1.17981      0.123846      0.360646      0.543627      0.486334E-01 -0.288857     -0.373469     -0.598869     -0.487710     -0.412188     -0.461242     -0.477602     -0.536605     -0.507300     -0.431940     -0.353796     -0.293130     -0.328517     -0.499589     -0.491816     -0.431012     -0.415813     -0.480441     -0.435226     -0.452209    
 1897   1.55692      0.938776      0.179836     -0.466505     -0.502134     -0.452255     -0.404018     -0.495794     -0.490715     -0.655104      -1.01535     -0.925911       1.43585     -0.262934     -0.450689     -0.720390       1.20148     -0.468570     -0.227688      0.668940     -0.272656     -0.364136     -0.588777     -0.484762     -0.390392     -0.422265     -0.398048     -0.424366     -0.356560     -0.268810     -0.160603     -0.113817     -0.309974     -0.487977     -0.414893     -0.261991     -0.384072     -0.412732     -0.353766     -0.426947    
 1898 -0.587894     -0.823685      -1.25024     -0.911495     -0.682714     -0.807955      -1.03308      -1.31624      -1.11720     -0.954414      -1.05738      -1.05773     -0.779163     -0.948150      -1.05243      -1.04300     -0.876364     -0.978114     -0.966669     -0.754240     -0.111012     -0.232849     -0.482350     -0.399330     -0.306784     -0.313894     -0.271787     -0.294279     -0.206686     -0.100729     -0.793187E-02  0.292942E-01 -0.152559     -0.396154     -0.293320     -0.105116     -0.228240     -0.298793     -0.224861     -0.297368    
 1899 -0.833925     -0.636663     -0.351175      0.125505      0.417748E-01  0.115585E-02  0.862923E-01  0.471476      0.921976       1.14127       1.38864       1.36134     -0.842773     -0.612984E-01  0.186308       1.15063     -0.815215      0.274697      0.309806     -0.682448      0.163354E-01 -0.101002     -0.393956     -0.353347     -0.280674     -0.283611     -0.235554     -0.256302     -0.162441     -0.389081E-01  0.480227E-01  0.868701E-01 -0.184573E-01 -0.342659     -0.258489     -0.511087E-01 -0.929981E-01 -0.261988     -0.162880     -0.187364    
 1900   1.30700       1.16700      0.859095      0.483364      0.519445      0.396965      0.172752     -0.251295     -0.459564     -0.197674     -0.281469     -0.252371       1.27845      0.620635      0.106141     -0.312902       1.20406      0.143611      0.288604      0.841989      0.703499E-01 -0.464751E-01 -0.308435     -0.260818     -0.203320     -0.195891     -0.135739     -0.151985     -0.566301E-01  0.575847E-01  0.148121      0.183552      0.369150E-01 -0.257524     -0.161205      0.496919E-01 -0.314292E-01 -0.167397     -0.749737E-01 -0.125242    
 1901 -0.770454E-01 -0.108925     -0.560465     -0.489786     -0.662214     -0.962864     -0.995918     -0.981455     -0.677145     -0.507404      0.153090     -0.538902E-01 -0.146114     -0.570822     -0.980079     -0.343820     -0.246325     -0.794897     -0.493668     -0.344243      0.171611      0.251889E-01 -0.230953     -0.210020     -0.196463     -0.216523     -0.182863     -0.217433     -0.114987     -0.331483E-01  0.233322E-01  0.466696E-01  0.126784     -0.212479     -0.205606     -0.416009E-01  0.591841E-01 -0.189715     -0.946323E-01 -0.510212E-01
 1902 -0.108295     -0.270973     -0.251854      0.144375      0.463205      0.740465       1.12339       1.14845       1.19380       1.37438       1.50168       1.40609     -0.144386      0.118575       1.00410       1.35662     -0.173221      0.802281      0.705393     -0.195483      0.659190E-01 -0.611145E-01 -0.292682     -0.268634     -0.262578     -0.305261     -0.287442     -0.320597     -0.226650     -0.146247     -0.984948E-01 -0.932669E-01  0.171580E-01 -0.274632     -0.304433     -0.157131     -0.418374E-01 -0.278527     -0.191421     -0.133565    
 1903   1.16294      0.789106     -0.883236E-01 -0.640036     -0.987915      -1.24628      -1.30886      -1.57591      -1.42677      -1.57456      -1.76132      -1.62642       1.11938     -0.572092      -1.37702      -1.58755       1.02431      -1.19763     -0.857029      0.561440     -0.686921E-01 -0.165160     -0.338764     -0.308926     -0.302819     -0.330446     -0.292543     -0.298929     -0.239613     -0.164487     -0.935903E-01 -0.104527     -0.109040     -0.316836     -0.307306     -0.165897     -0.151771     -0.295546     -0.225708     -0.223959    
 1904  -1.63223      -1.15680      -1.18886      -1.00451     -0.591246     -0.135836      0.578823E-01  0.165195      0.551147E-01  0.297987      0.497931      0.594049      -1.47182     -0.928205      0.290804E-01  0.283678      -1.49003     -0.242233     -0.336777      -1.24861     -0.117009     -0.203154     -0.365105     -0.390600     -0.393499     -0.403175     -0.353278     -0.378042     -0.385559     -0.341322     -0.279041     -0.298477     -0.141564     -0.383068     -0.378165     -0.335308     -0.174646     -0.384025     -0.325689     -0.255519    
 1905  0.534145      0.311256      0.442535      0.979805       1.13586       1.00459      0.926863      0.938496       1.12825      0.790356      0.669920      0.750549      0.479817      0.852733      0.956650      0.862842      0.446317       1.01898      0.801052      0.506363     -0.316588     -0.381195     -0.548255     -0.575862     -0.551089     -0.535219     -0.480094     -0.516006     -0.561567     -0.544817     -0.492527     -0.518398     -0.332086     -0.558402     -0.510440     -0.532970     -0.360813     -0.536640     -0.501801     -0.411994    
 1906  0.658514      0.261576     -0.719852E-01 -0.640795      -1.22709      -1.50233      -1.45275      -1.43098      -1.37317      -1.23263      -1.30633      -1.26987      0.556880     -0.646623      -1.46202      -1.30404      0.509822      -1.27119     -0.882320      0.223527     -0.529253     -0.581156     -0.729207     -0.715627     -0.648633     -0.558460     -0.481707     -0.497748     -0.553929     -0.522874     -0.494664     -0.504379     -0.542936     -0.697822     -0.512638     -0.523822     -0.565893     -0.576017     -0.568137     -0.572979    
 1907  -1.08496      -1.22485      -1.11094     -0.999025     -0.767645     -0.628784     -0.497969     -0.251625     -0.532866     -0.544464     -0.564070     -0.642921      -1.19323     -0.959203     -0.459459     -0.547133      -1.20493     -0.612986     -0.737510      -1.15683     -0.526047     -0.582857     -0.725010     -0.730654     -0.682489     -0.572406     -0.500392     -0.514209     -0.600343     -0.556341     -0.569543     -0.548969     -0.537761     -0.712718     -0.529002     -0.575409     -0.559305     -0.600082     -0.592438     -0.572897    
 1908 -0.638235     -0.740965     -0.881094      -1.18481      -1.22202      -1.13512      -1.04115      -1.12705      -1.33432      -1.42984      -1.41057      -1.56593     -0.674040      -1.09597      -1.10111      -1.39158     -0.668625      -1.17408      -1.14259     -0.736347     -0.552256     -0.583286     -0.715439     -0.726646     -0.687971     -0.588560     -0.522552     -0.517661     -0.626164     -0.590221     -0.586409     -0.537842     -0.561504     -0.710019     -0.542924     -0.600931     -0.587639     -0.611592     -0.602917     -0.595330    
 1909  -1.74993      -1.47927      -1.24715      -1.23466      -1.23252      -1.12627      -1.12034      -1.29996      -1.77981      -1.92002      -1.96719      -2.00945      -1.59838      -1.23811      -1.18219      -1.88901      -1.48045      -1.29893      -1.51388      -1.33156     -0.515148     -0.567933     -0.682416     -0.677282     -0.620107     -0.526424     -0.441538     -0.419640     -0.514200     -0.485790     -0.463567     -0.404089     -0.540308     -0.659935     -0.462534     -0.487853     -0.579995     -0.533199     -0.526511     -0.580847    
 1910  -1.76856      -1.55120      -1.90792      -1.86172      -1.35805      -1.11649      -1.15693      -1.23915      -1.27794      -1.20627      -1.19535      -1.28000      -1.77640      -1.70923      -1.17086      -1.22652      -1.85406      -1.33505      -1.40997      -1.63839     -0.363885     -0.482831     -0.632459     -0.669899     -0.616747     -0.547210     -0.459780     -0.474626     -0.571113     -0.550185     -0.551363     -0.498097     -0.416935     -0.639702     -0.493872     -0.557554     -0.472104     -0.556563     -0.534850     -0.503488    
 1911  -1.25480      -1.38996      -1.41250     -0.939995     -0.735605      0.857658E-01  0.301512      0.371555      0.293995      0.940037       1.02422       1.25412      -1.30825      -1.02937      0.252944      0.752751      -1.28981     -0.103795     -0.121805      -1.08356     -0.381429     -0.507824     -0.663141     -0.755537     -0.659591     -0.587049     -0.514935     -0.571738     -0.697761     -0.694647     -0.708269     -0.650532     -0.462450     -0.692756     -0.557907     -0.700226     -0.525340     -0.631102     -0.616038     -0.554978    
 1912   1.13358      0.976046      0.684126      0.294035     -0.140514     -0.587084     -0.547739     -0.533775     -0.705635     -0.742384     -0.867020     -0.793720       1.12125      0.279216     -0.556199     -0.771680       1.00202     -0.370119     -0.152507      0.545469     -0.491272     -0.586802     -0.725675     -0.769302     -0.631314     -0.578129     -0.522459     -0.603653     -0.772382     -0.826818     -0.823649     -0.723096     -0.576202     -0.708764     -0.568080     -0.807616     -0.642866     -0.646207     -0.671213     -0.635031    
 1913 -0.603106     -0.466494     -0.832884     -0.709536     -0.493845     -0.241804     -0.809479E-01  0.372849E-01 -0.437546E-01 -0.135405      0.270060      0.795929     -0.621107     -0.678755     -0.951557E-01  0.303001E-01 -0.717601     -0.255434     -0.208709     -0.628162     -0.576995     -0.647826     -0.797665     -0.727672     -0.517155     -0.477113     -0.449406     -0.524977     -0.722861     -0.769443     -0.724612     -0.606115     -0.649306     -0.680831     -0.483832     -0.738972     -0.732675     -0.569864     -0.628487     -0.668040    
 1914  0.875975      0.405855      0.216166      0.522747E-01  0.271955      0.102406      0.450262      0.512415      0.911385      0.947447      0.923380      0.846750      0.692586      0.180132      0.355028      0.927404      0.404763      0.383450      0.543023      0.230650     -0.450030     -0.544976     -0.716272     -0.689652     -0.397175     -0.377529     -0.363195     -0.427845     -0.535009     -0.481965     -0.437051     -0.326609     -0.533707     -0.601033     -0.389523     -0.484675     -0.635241     -0.465067     -0.478942     -0.581087    
 1915   1.05120      0.450657      0.366459E-01  0.706749E-01  0.339865      0.350636      0.169641     -0.508455     -0.866285      -1.14700      -1.51145      -1.38230      0.782869      0.149062      0.394068E-02  -1.17491      0.709347     -0.739872E-01 -0.245514      0.574277     -0.190038     -0.321390     -0.506442     -0.579904     -0.314825     -0.335125     -0.305070     -0.374815     -0.418787     -0.339832     -0.285693     -0.153684     -0.279345     -0.467057     -0.338336     -0.348104     -0.377249     -0.388088     -0.343800     -0.401616    
 1916 -0.209415     -0.377693     -0.279734      -1.44442      -1.28797      -1.64517      -1.79862      -1.92625      -1.91158      -2.18452      -2.26308      -2.18572     -0.656469      -1.00404      -1.79001      -2.11973     -0.817932      -1.66900      -1.45951     -0.874188     -0.413103E-01 -0.210536     -0.432980     -0.534338     -0.274806     -0.364044     -0.312140     -0.361443     -0.416860     -0.337989     -0.232189     -0.148963     -0.135177     -0.414041     -0.345876     -0.329013     -0.244006     -0.377272     -0.305633     -0.311325    
 1917  -2.41389      -2.16515      -2.15388     -0.470695     -0.141235     -0.307545     -0.302588     -0.394655      -1.48689      -2.23598      -1.91491      -1.17835      -2.25492     -0.921937     -0.334929      -1.87926      -2.22771     -0.517268      -1.26381      -1.66018     -0.495572E-01 -0.323132     -0.529416     -0.646085     -0.306006     -0.444232     -0.407806     -0.453656     -0.508072     -0.380908     -0.206935     -0.194172     -0.173884     -0.493836     -0.435231     -0.365305     -0.270208     -0.460976     -0.370831     -0.342334    
 1918  -1.02378      -1.02114      -1.27794     -0.880556      0.434755      0.563974      0.224531      0.589485      0.610136       1.40916       1.92101       1.30912      -1.07442     -0.574580      0.459330       1.31344      -1.44202      0.257054      0.238230     -0.893172     -0.109945     -0.472543     -0.561077     -0.693766     -0.307729     -0.452472     -0.452255     -0.514771     -0.566956     -0.406171     -0.201240     -0.233588     -0.258887     -0.520857     -0.473166     -0.391456     -0.320930     -0.497992     -0.414376     -0.395757    
 1919   1.17492      0.857916      0.777546     -0.778496     -0.489695     -0.833685     -0.661808      -1.07385      0.327644E-01  0.990545      0.452459      0.705620       1.11399     -0.163548     -0.856448      0.491923       1.24161     -0.634128      0.961863E-01  0.564329     -0.172217     -0.539633     -0.557681     -0.695072     -0.334974     -0.516592     -0.548892     -0.631009     -0.696377     -0.514133     -0.318827     -0.388781     -0.315146     -0.529242     -0.565498     -0.509779     -0.351755     -0.570486     -0.492849     -0.432596    
 1920  0.506435      0.583326      0.263996     -0.122925     -0.453875     -0.560995     -0.452948     -0.404655     -0.766075      -1.27418     -0.587851     -0.536572      0.598460     -0.104268     -0.472866     -0.876035      0.583730     -0.460245     -0.317193      0.551410E-01 -0.359227     -0.685464     -0.624415     -0.753239     -0.434975     -0.643375     -0.664981     -0.718166     -0.789419     -0.571858     -0.327366     -0.398585     -0.477824     -0.604210     -0.675507     -0.562881     -0.481808     -0.667359     -0.580922     -0.549893    
 1921 -0.555244      -1.30741      -2.11518      -1.76748     -0.839405      -1.04811     -0.543869     -0.195505     -0.179325       1.04482       1.48680      0.605110     -0.799742      -1.57402     -0.595828      0.784098      -1.06274     -0.762282     -0.451233     -0.971259     -0.435278     -0.746573     -0.612287     -0.685082     -0.413629     -0.625624     -0.619396     -0.632357     -0.711581     -0.470423     -0.167115     -0.212167     -0.526812     -0.570333     -0.625792     -0.449706     -0.515324     -0.614611     -0.527626     -0.582404    
 1922  0.269085      -1.35841     -0.541914      -1.11341     -0.660706      -1.05696      -1.61568      -1.81097      -2.05655      -1.70555     -0.824511      -1.04889     -0.161405     -0.772010      -1.49454      -1.52887      0.250915      -1.38571      -1.12704     -0.187024     -0.279293     -0.605803     -0.477870     -0.608208     -0.381165     -0.574450     -0.580344     -0.593124     -0.617988     -0.332353     -0.338242E-01 -0.106400     -0.365754     -0.489081     -0.582639     -0.328055     -0.368779     -0.559213     -0.432568     -0.478319    
 1923 -0.946375      -1.12027     -0.240065     -0.255726     -0.810432E-02  0.632553E-01  0.980015E-01  0.921745E-01  0.129475      0.322506      0.341440      0.262770      -1.03851     -0.167965      0.844771E-01  0.264474     -0.980944      0.198460E-01 -0.105077     -0.964120     -0.147879     -0.476131     -0.348775     -0.608571     -0.460002     -0.661924     -0.631292     -0.666606     -0.622731     -0.333982     -0.752077E-01 -0.166403     -0.243470     -0.472449     -0.653274     -0.343973     -0.240894     -0.608521     -0.433292     -0.413943    
 1924 -0.261955E-01 -0.282173     -0.308735     -0.427656     -0.758686      -1.48505      -1.66143      -1.86724      -1.85027      -1.66970      -1.49973      -1.72394     -0.151995E-01 -0.498359      -1.67124      -1.67323      0.516021E-01  -1.34172      -1.13007     -0.170177     -0.211275     -0.521041     -0.364677     -0.572918     -0.505836     -0.711611     -0.645902     -0.685398     -0.702863     -0.509485     -0.237846     -0.314049     -0.299573     -0.481144     -0.680970     -0.483398     -0.278764     -0.637421     -0.498575     -0.448632    
 1925  -1.78682      -1.77793     -0.773134     -0.612726     -0.629526     -0.597555     -0.404377E-01  0.128056      0.345345E-01  0.315636      0.740881      0.992300      -1.76290     -0.671795     -0.169979      0.363684      -1.53854     -0.286276     -0.333893      -1.37083     -0.359087     -0.649173     -0.450585     -0.561463     -0.489273     -0.636243     -0.572855     -0.590187     -0.632705     -0.462326     -0.173618     -0.268403     -0.440770     -0.500440     -0.599762     -0.422883     -0.420038     -0.580454     -0.487160     -0.520114    
 1926   1.10758      0.628725      0.772606      0.602125      0.108345     -0.341965     -0.676847     -0.846575      -1.25563      -1.61845      -1.31040     -0.831951      0.909535      0.494359     -0.621796      -1.39483      0.759621     -0.401758     -0.305203      0.420699     -0.302774     -0.568280     -0.329518     -0.445139     -0.421605     -0.550267     -0.512719     -0.555336     -0.592598     -0.469467     -0.216041     -0.250742     -0.379819     -0.398754     -0.539441     -0.426035     -0.350820     -0.512944     -0.434541     -0.443140    
 1927 -0.611185     -0.356184     -0.517885     -0.979774     -0.888266     -0.587265     -0.643309     -0.689674     -0.270985     -0.406437E-01 -0.201769     -0.416780     -0.599773     -0.795308     -0.640083     -0.171133     -0.874343     -0.676546     -0.516977     -0.873368     -0.256701     -0.399994     -0.164066     -0.260816     -0.325841     -0.463832     -0.428188     -0.500657     -0.547837     -0.516654     -0.333744     -0.304039     -0.302479     -0.250241     -0.464226     -0.466078     -0.292835     -0.421195     -0.375197     -0.372346    
 1928 -0.198206     -0.236654     -0.332024     -0.378735     -0.394966     -0.905794     -0.453718     -0.585125     -0.700624     -0.818764     -0.619801     -0.652521     -0.283880     -0.368575     -0.648212     -0.713063     -0.237679     -0.569827     -0.523078     -0.392462     -0.298350     -0.334797     -0.160658     -0.204105     -0.315819     -0.478220     -0.416060     -0.498217     -0.538494     -0.549934     -0.422359     -0.375990     -0.312396     -0.226861     -0.464166     -0.503596     -0.324707     -0.408486     -0.382750     -0.368589    
 1929 -0.918566     -0.824774     -0.486414     -0.567255     -0.576654     -0.357664     -0.275759     -0.275074     -0.259115     -0.291603     -0.259489     -0.285650     -0.798620     -0.543441     -0.302832     -0.270069     -0.720140     -0.385254     -0.448168     -0.630157     -0.353594     -0.354758     -0.217579     -0.244231     -0.350963     -0.489692     -0.408253     -0.482920     -0.551796     -0.596798     -0.499347     -0.432861     -0.361447     -0.270925     -0.460288     -0.549313     -0.379036     -0.421309     -0.415233     -0.400989    
 1930 -0.356325     -0.296635     -0.190214     -0.105064     -0.356445E-01  0.470345      0.621943      0.700785      0.928946      0.951166       1.40865       1.36761     -0.312870     -0.110307      0.597691       1.09625     -0.279986      0.430218      0.455464     -0.180019     -0.385585     -0.363550     -0.264521     -0.274625     -0.339801     -0.432383     -0.348348     -0.412755     -0.504222     -0.561521     -0.506220     -0.461532     -0.393999     -0.292982     -0.397829     -0.523988     -0.423777     -0.385356     -0.404589     -0.419370    
 1931   1.43377       1.19043      0.760386      0.541134      0.957146E-01 -0.359915     -0.416039     -0.603935      -1.07220      -1.32335      -1.35817     -0.945850       1.33060      0.465745     -0.459963      -1.25124       1.18534     -0.302540     -0.171502      0.803385     -0.439105     -0.385030     -0.333732     -0.324264     -0.367819     -0.459949     -0.366435     -0.413924     -0.485020     -0.536045     -0.532520     -0.541670     -0.428556     -0.341938     -0.413436     -0.517862     -0.447857     -0.402902     -0.432126     -0.425375    
 1932 -0.798454     -0.490543     -0.108454      0.264435      0.319466     -0.164642E-01 -0.528889E-01 -0.308954     -0.268444     -0.281134     -0.333599     -0.563871     -0.744949      0.158482     -0.126102     -0.294392     -0.837470     -0.104750E-01 -0.219909     -0.545797     -0.539367     -0.447399     -0.392285     -0.348585     -0.379978     -0.479822     -0.352819     -0.356714     -0.438789     -0.497814     -0.526551     -0.567037     -0.509479     -0.373616     -0.396452     -0.487718     -0.498215     -0.392785     -0.443930     -0.455254    
 1933 -0.711824     -0.684204     -0.605354     -0.499336     -0.787846      -1.26501      -1.22223      -1.36104      -1.47179      -1.76750      -1.92176      -1.66127     -0.653300     -0.630845      -1.28276      -1.72035     -0.529998      -1.10121      -1.16326     -0.530205     -0.591994     -0.505395     -0.435034     -0.381451     -0.398344     -0.497709     -0.397025     -0.371396     -0.461929     -0.511455     -0.552539     -0.607399     -0.554808     -0.404943     -0.422043     -0.508641     -0.520637     -0.417976     -0.475973     -0.462471    
 1934  -1.36562      -1.11745      -1.08188     -0.986565     -0.681826     -0.386215     -0.185068     -0.108084     -0.515034     -0.516973     -0.776289     -0.937311      -1.38145     -0.916757     -0.226456     -0.602765      -1.48591     -0.477132     -0.721526      -1.25210     -0.649080     -0.578054     -0.499724     -0.429688     -0.402571     -0.495521     -0.413864     -0.367622     -0.443464     -0.463758     -0.539825     -0.603168     -0.611511     -0.443995     -0.425669     -0.482349     -0.566375     -0.425455     -0.490528     -0.496365    
 1935  -1.08722      -1.11849     -0.938824     -0.661695     -0.483145     -0.550215     -0.318687     -0.227814     -0.349224     -0.131554     -0.120029     -0.367750      -1.04767     -0.694555     -0.365572     -0.200269     -0.895851     -0.431797     -0.529554     -0.656529     -0.607199     -0.546888     -0.461835     -0.405461     -0.346631     -0.472484     -0.396224     -0.319035     -0.416817     -0.420681     -0.524056     -0.556371     -0.585752     -0.404642     -0.395914     -0.453852     -0.537112     -0.392775     -0.456140     -0.472683    
 1936 -0.662415     -0.460314     -0.445915     -0.341686     -0.598385     -0.940615     -0.760347     -0.514065     -0.487825     -0.661743     -0.975491      -1.07466     -0.496826     -0.461995     -0.738342     -0.708353     -0.364663     -0.607154     -0.660288     -0.413699     -0.536906     -0.463504     -0.395810     -0.379519     -0.288481     -0.435259     -0.386449     -0.288799     -0.373701     -0.341604     -0.437172     -0.444623     -0.518927     -0.354603     -0.370169     -0.384159     -0.482888     -0.358701     -0.397652     -0.427722    
 1937 -0.846445     -0.514534     -0.470425     -0.522396     -0.424725     -0.386074     -0.287489      0.122005     -0.114174     -0.232723     -0.417290     -0.681410     -0.811880     -0.472515     -0.183853     -0.254729     -0.757216     -0.268809     -0.397973     -0.636561     -0.455941     -0.407973     -0.393338     -0.405705     -0.293774     -0.448233     -0.441598     -0.336476     -0.411602     -0.352057     -0.437582     -0.428799     -0.436179     -0.364272     -0.408769     -0.400414     -0.413442     -0.389565     -0.401090     -0.389776    
 1938  -1.01547      -1.23821      -1.23447      -1.49342      -1.22582      -1.46473      -1.69365      -1.69045      -1.32023     -0.899513     -0.924049      -1.19514     -0.978363      -1.31790      -1.61628      -1.04793     -0.803262      -1.48138      -1.28293     -0.773600     -0.457799     -0.442337     -0.437804     -0.451810     -0.323930     -0.455270     -0.490049     -0.376262     -0.485991     -0.410844     -0.478190     -0.471530     -0.442978     -0.404515     -0.440527     -0.458342     -0.426063     -0.430552     -0.440151     -0.414755    
 1939  -1.24302      -1.27641     -0.877775     -0.417326      0.169655      0.245035      0.627382      0.905745      0.729795      0.743095      0.299049      0.341589      -1.23819     -0.375149      0.592721      0.590646      -1.06932      0.376714      0.205678E-01 -0.926906     -0.501364     -0.455255     -0.396466     -0.388685     -0.285562     -0.412108     -0.442215     -0.332287     -0.465091     -0.399360     -0.444788     -0.438116     -0.476050     -0.356904     -0.395537     -0.436413     -0.452275     -0.387658     -0.413441     -0.429359    
 1940  0.805735      0.778316      0.958946      0.229555      0.336855      0.328384      0.716019E-01  0.491695      0.472956      0.778006       1.16548       1.67632      0.641880      0.508452      0.297227      0.805481      0.654455      0.321841      0.674488      0.590371     -0.457070     -0.383712     -0.312619     -0.320678     -0.244725     -0.438572     -0.456836     -0.353935     -0.466941     -0.513054     -0.472835     -0.431284     -0.426299     -0.292674     -0.416448     -0.484277     -0.405944     -0.380281     -0.404355     -0.389936    
 1941   1.67757       1.78316      0.931715      0.725365      0.886206      0.526545      0.329802      0.209885      0.246126      0.431356      0.622681      0.980400       1.71235      0.847762      0.355411      0.433388       1.33538      0.487321      0.779234      0.932218     -0.405416     -0.389642     -0.304388     -0.327928     -0.220729     -0.478671     -0.523387     -0.444767     -0.514465     -0.607403     -0.467146     -0.379490     -0.408781     -0.284348     -0.482275     -0.529672     -0.419437     -0.418324     -0.421953     -0.401805    
 1942  0.577055      0.273457E-01 -0.230345     -0.443535     -0.576876      -1.16240      -1.90170      -2.07632      -2.34480      -2.24491      -2.32265      -2.17364      0.528267     -0.416919      -1.71347      -2.30412      0.401415      -1.41761      -1.23940      0.842912E-01 -0.349737     -0.410516     -0.294496     -0.318352     -0.199188     -0.515551     -0.599858     -0.580010     -0.613140     -0.672405     -0.522704     -0.331258     -0.379914     -0.270679     -0.565140     -0.602750     -0.418131     -0.471017     -0.450601     -0.418708    
 1943  -2.12449      -1.88937      -1.37277     -0.713465     -0.494635     -0.259825     -0.342447     -0.389395     -0.883215     -0.979454     -0.744860     -0.906130      -2.06250     -0.860290     -0.330556     -0.869176      -2.02131     -0.513830     -0.925005      -1.65988     -0.296531     -0.342572     -0.229809     -0.240290     -0.129483     -0.508700     -0.605623     -0.617099     -0.663306     -0.780129     -0.615136     -0.294014     -0.323454     -0.199861     -0.577141     -0.686190     -0.399213     -0.460750     -0.443558     -0.422230    
 1944 -0.824255     -0.170645      0.512295      0.490074     -0.207676     -0.528164     -0.108158     -0.200235     -0.685595      -1.07534      -1.28515      -1.02417     -0.633677      0.264898     -0.278852      -1.01536     -0.518842     -0.206626     -0.425585     -0.414489     -0.224385     -0.243902     -0.146806     -0.170437     -0.136209     -0.564531     -0.682386     -0.694331     -0.770827     -0.957312     -0.761601     -0.391203     -0.254100     -0.151151     -0.647082     -0.829913     -0.384062     -0.503120     -0.478661     -0.421798    
 1945 -0.742704     -0.634424     -0.856075     -0.778206     -0.140545     -0.937544     -0.688019     -0.568624     -0.215675      -1.84708     -0.172119     -0.144241     -0.800433     -0.591609     -0.731396     -0.744958     -0.936310     -0.554769     -0.643771     -0.705679     -0.329953     -0.318930     -0.210421     -0.231300     -0.288431     -0.709468     -0.824477     -0.852257     -0.942229      -1.16117     -0.996396     -0.654486     -0.346695     -0.243384     -0.795401      -1.03326     -0.494903     -0.641360     -0.626626     -0.528847    
 1946  0.261440E-01  -1.06299     -0.364035     -0.370165     -0.461065      -1.35526      -1.72203      -1.98989      -1.57186     -0.833195     -0.809610     -0.262300     -0.393696     -0.398422      -1.68906      -1.07156     -0.594054      -1.24504     -0.898021     -0.601927     -0.603360     -0.560999     -0.358883     -0.336811     -0.427487     -0.794130     -0.847026     -0.897826      -1.00239      -1.22948      -1.10086     -0.808112     -0.606282     -0.374394     -0.846327      -1.11091     -0.722548     -0.717612     -0.747280     -0.709390    
 1947 -0.421434     -0.329325     -0.354465     -0.302404     -0.131235     -0.709024     -0.855228      -1.10703      -1.00364      -1.36130      -1.69434     -0.529131     -0.337686     -0.262701     -0.890427      -1.35309     -0.501722     -0.684760     -0.733213     -0.786398     -0.753440     -0.691329     -0.413273     -0.366838     -0.473167     -0.794548     -0.775395     -0.816311     -0.909080      -1.13698      -1.02048     -0.743277     -0.750960     -0.417759     -0.795418      -1.02218     -0.832748     -0.689223     -0.741176     -0.781524    
 1948 -0.376354     -0.645447E-01 -0.566940E-01 -0.152164     -0.125206      -1.00477      -1.24121      -1.20319      -1.43407      -1.92542      -1.49564     -0.602531     -0.323343     -0.111355      -1.14972      -1.61838     -0.680394     -0.860102     -0.806816     -0.694200     -0.666861     -0.589188     -0.320281     -0.307645     -0.435031     -0.744440     -0.704290     -0.728086     -0.768233     -0.997578     -0.909740     -0.604437     -0.666442     -0.354319     -0.725605     -0.891851     -0.746178     -0.614621     -0.647984     -0.705414    
 1949 -0.439205     -0.476673     -0.395485     -0.361515      -1.06549      -1.33154      -1.36032      -1.12615      -1.30679      -1.77465      -2.05865      -2.19480     -0.506136     -0.607497      -1.27267      -1.71336     -0.889159      -1.09197      -1.15761     -0.997664     -0.524964     -0.481955     -0.289227     -0.378255     -0.466581     -0.759298     -0.746417     -0.777801     -0.764843     -0.968777     -0.872326     -0.572410     -0.537119     -0.378021     -0.761172     -0.868649     -0.634650     -0.648866     -0.633571     -0.634387    
 1950  -2.10945      -1.52199     -0.795654      -1.04353      -1.47243     -0.993774     -0.782518     -0.634945     -0.918505     -0.781343      -1.17273      -1.05295      -1.94208      -1.10387     -0.803746     -0.957526      -1.74253     -0.974284      -1.10665      -1.47985     -0.498367     -0.483891     -0.344799     -0.517821     -0.612847     -0.837622     -0.838386     -0.888338     -0.892963      -1.02260     -0.985517     -0.693256     -0.518223     -0.491823     -0.854782     -0.967026     -0.623428     -0.764663     -0.718034     -0.666493    
 1951 -0.875385     -0.757904     -0.282915     -0.111774     -0.856247E-01  0.155455      0.732943      0.425156      0.434366      0.624475      0.871679      0.637150     -0.895413     -0.160105      0.437851      0.643507     -0.820538      0.258420      0.147302     -0.608428     -0.559117     -0.469630     -0.351071     -0.548741     -0.702725     -0.838015     -0.828181     -0.884437     -0.941686      -1.05911      -1.11617     -0.835380     -0.574001     -0.534179     -0.850211      -1.03899     -0.680198     -0.790631     -0.761189     -0.732530    
 1952  0.128414     -0.382042E-01 -0.103514     -0.206936     -0.518644     -0.799675     -0.872229     -0.661295     -0.666824     -0.588003     -0.964159     -0.533701      0.242453     -0.276365     -0.777733     -0.739662      0.353333     -0.620934     -0.485398      0.182267     -0.629049     -0.445340     -0.324122     -0.524184     -0.675153     -0.730898     -0.685280     -0.736798     -0.834758     -0.969359      -1.00552     -0.790975     -0.636590     -0.507820     -0.717658     -0.936545     -0.734862     -0.697845     -0.695953     -0.749476    
 1953  0.557346E-01  0.219015      0.360226      0.233795      0.209854      0.379625      0.501823E-01 -0.399151E-01  0.255735      0.151606      0.111490      0.230730     -0.863171E-01  0.267958      0.129964      0.172944     -0.241815      0.181546      0.184840     -0.235663     -0.561057     -0.384330     -0.259792     -0.466230     -0.624512     -0.601208     -0.527001     -0.585642     -0.708804     -0.796338     -0.804464     -0.689958     -0.578787     -0.450178     -0.571284     -0.769869     -0.661838     -0.585566     -0.584111     -0.659985    
 1954 -0.166555     -0.134375     -0.599604      -1.86937      -1.54317      -1.46478      -1.34332      -1.54401      -1.75674      -1.63037      -1.39322      -1.52048     -0.234000E-01  -1.33738      -1.45070      -1.59344     -0.677847E-01  -1.58690      -1.24717     -0.418169     -0.459878     -0.308800     -0.213134     -0.425420     -0.574212     -0.502770     -0.440371     -0.521057     -0.636545     -0.655346     -0.657016     -0.592268     -0.486212     -0.404255     -0.488066     -0.649636     -0.545429     -0.516729     -0.498901     -0.549702    
 1955 -0.868465     -0.709414     -0.855635      -1.21008      -1.73038      -1.56740      -1.29224      -1.43559      -1.70693      -2.36844      -2.32787      -2.06486      -1.03279      -1.26537      -1.43174      -2.13441      -1.16293      -1.49044      -1.51144      -1.34413     -0.354291     -0.235587     -0.172049     -0.373234     -0.485283     -0.440115     -0.394208     -0.491025     -0.581472     -0.590145     -0.562463     -0.484172     -0.394048     -0.343522     -0.441782     -0.578026     -0.444426     -0.460889     -0.430337     -0.463597    
 1956  -1.06309     -0.702774     -0.489914     -0.556705     -0.668785     -0.733284     -0.913717      -1.04491      -1.05507      -1.04204      -1.26699      -1.18416      -1.27691     -0.571801     -0.897304      -1.12137      -1.50282     -0.828745     -0.893453      -1.28421     -0.250642     -0.155855     -0.149389     -0.340608     -0.438346     -0.440337     -0.458249     -0.546434     -0.646199     -0.687319     -0.629188     -0.525992     -0.296890     -0.309448     -0.481673     -0.654235     -0.365444     -0.478362     -0.439047     -0.406555    
 1957 -0.730844     -0.203754      0.310396      0.375284      0.627924      0.811356       1.19448      0.900776      0.618135      0.642496      0.976141       1.28084     -0.706253      0.437868      0.968871      0.745591     -0.686232      0.754659      0.566936     -0.443044     -0.270296     -0.148710     -0.181687     -0.383885     -0.466297     -0.460245     -0.526035     -0.607836     -0.746058     -0.792747     -0.714896     -0.618024     -0.314999     -0.343956     -0.531372     -0.751234     -0.407199     -0.531726     -0.493060     -0.450375    
 1958   1.29291       1.03010      0.565056      0.329235      0.128466      0.686455E-01 -0.125328     -0.187885     -0.536774     -0.468794     -0.145029     -0.392170       1.20128      0.340919     -0.815225E-01 -0.383532      0.964590     -0.539401E-01  0.129869      0.752273     -0.349522     -0.210671     -0.241674     -0.438828     -0.509925     -0.476994     -0.489410     -0.566451     -0.744652     -0.788781     -0.693406     -0.619766     -0.392739     -0.396809     -0.510951     -0.742280     -0.487922     -0.537710     -0.510840     -0.519434    
 1959 -0.848942E-01 -0.607338E-01 -0.840855E-01 -0.267162E-01 -0.313175     -0.436195     -0.743599     -0.849754     -0.758894     -0.411444     -0.460289     -0.451351     -0.179266     -0.141326     -0.676516     -0.543542     -0.205951     -0.521389     -0.390094     -0.238482     -0.367338     -0.250903     -0.264022     -0.424578     -0.539790     -0.494008     -0.447080     -0.535498     -0.707246     -0.751679     -0.653489     -0.589790     -0.412669     -0.409463     -0.492195     -0.704138     -0.497370     -0.524700     -0.502118     -0.520259    
 1960 -0.352015     -0.473654     -0.285345     -0.334616     -0.446165     -0.636024     -0.475979     -0.310694     -0.364935     -0.840525     -0.880030     -0.634481     -0.425673     -0.355375     -0.474232     -0.695163     -0.405683     -0.428069     -0.502872     -0.516929     -0.346116     -0.241148     -0.224636     -0.335862     -0.443248     -0.388032     -0.324304     -0.412295     -0.540747     -0.554536     -0.455872     -0.421511     -0.392352     -0.334582     -0.374877     -0.517052     -0.467810     -0.407415     -0.390692     -0.471985    
 1961 -0.559845     -0.211615     -0.340034     -0.168165     -0.173155     -0.206736     -0.854427      -1.00728      -1.41376      -1.25982     -0.755520     -0.617720     -0.468647     -0.227118     -0.689481      -1.14303     -0.577755     -0.637254     -0.630673     -0.430516     -0.246557     -0.173330     -0.167791     -0.256917     -0.351435     -0.273820     -0.194484     -0.273964     -0.396540     -0.363085     -0.255239     -0.249980     -0.280466     -0.258714     -0.247423     -0.338288     -0.336600     -0.291194     -0.266929     -0.348260    
 1962 -0.580215     -0.441584     -0.692345      -1.01608     -0.990116     -0.835644     -0.640568     -0.456905     -0.815874     -0.812273      -1.05113      -1.11947     -0.546506     -0.899514     -0.644372     -0.893092     -0.724534     -0.792531     -0.787684     -0.872043     -0.142792     -0.128592     -0.200473     -0.313276     -0.425685     -0.321509     -0.258677     -0.352629     -0.492331     -0.445724     -0.344025     -0.369109     -0.173788     -0.313145     -0.310938     -0.427360     -0.223360     -0.360685     -0.316235     -0.272135    
 1963 -0.820154     -0.616835     -0.250685     -0.559254E-01 -0.191235      0.806160E-01  0.551022      0.583405      0.432915      0.455187      0.628260      0.781649     -0.852153     -0.165948      0.405014      0.505454     -0.778424      0.233466      0.131518     -0.562537     -0.278599     -0.273730     -0.356863     -0.454602     -0.547857     -0.394157     -0.331442     -0.434471     -0.573307     -0.520634     -0.436717     -0.453172     -0.307146     -0.453107     -0.386690     -0.510219     -0.344675     -0.455973     -0.421296     -0.380692    
 1964  0.353014     -0.103165     -0.435654      -1.29465      -1.73938      -1.50604     -0.997568      -1.54827      -1.18580      -1.19191      -1.11164      -1.47188      0.343833      -1.15656      -1.35063      -1.16312      0.279882      -1.37862      -1.01941     -0.107786     -0.387670     -0.385190     -0.437823     -0.505243     -0.567050     -0.373552     -0.277390     -0.367289     -0.492918     -0.447721     -0.371513     -0.356623     -0.408677     -0.503372     -0.339410     -0.437384     -0.436868     -0.430574     -0.414165     -0.450523    
 1965 -0.963594     -0.545525     -0.231865     -0.104752E-01  0.396654      0.593376      0.817532       1.03273       1.05210       1.13596       1.34288       1.25212     -0.993666      0.514379E-01  0.814546       1.17698     -0.919402      0.646986      0.489324     -0.689041     -0.323052     -0.342683     -0.422977     -0.495033     -0.546029     -0.369616     -0.306046     -0.382534     -0.480216     -0.418727     -0.346077     -0.333850     -0.340786     -0.488013     -0.352732     -0.415007     -0.377428     -0.429912     -0.397237     -0.401070    
 1966   1.02323      0.489697      0.232162E-01 -0.177416     -0.959555     -0.609835     -0.427088     -0.746624     -0.929964     -0.717424     -0.925079      -1.07052      0.921682     -0.371252     -0.594516     -0.857489      0.877851     -0.641747     -0.418947      0.535222     -0.335916     -0.386852     -0.471022     -0.538765     -0.610795     -0.450803     -0.380654     -0.468238     -0.509690     -0.440811     -0.397111     -0.408539     -0.352206     -0.540194     -0.433232     -0.449204     -0.382074     -0.493158     -0.449933     -0.421800    
 1967 -0.741865     -0.501453     -0.856365      -1.13119     -0.566305     -0.265865     -0.576008     -0.970804      -1.42279      -1.33489      -1.14148      -1.21537     -0.771279     -0.851287     -0.604226      -1.29972     -0.802118     -0.822160     -0.893699     -0.739978     -0.395203     -0.458839     -0.494400     -0.521479     -0.588702     -0.418546     -0.290349     -0.378195     -0.381857     -0.313922     -0.266213     -0.280602     -0.420860     -0.534860     -0.362363     -0.320664     -0.432484     -0.429855     -0.399026     -0.456851    
 1968  -1.41221      -1.57496      -1.39599     -0.990805      -1.12074     -0.307085      0.189861      0.468559E-01 -0.115364      0.103970E-01  0.118740      0.422779      -1.40085      -1.16918     -0.234560E-01  0.459100E-02  -1.34582     -0.382880     -0.510710      -1.12193     -0.273590     -0.392582     -0.452863     -0.499547     -0.576051     -0.408965     -0.296966     -0.382320     -0.370410     -0.290798     -0.229938     -0.241400     -0.315591     -0.509487     -0.362750     -0.297048     -0.329962     -0.422376     -0.367952     -0.376228    
 1969  0.438795      0.315126      0.257755      0.280504      0.552176      0.351625      0.222416E-01  0.259146      0.427485      0.567627      0.580030      0.664669      0.392233      0.363478      0.211004      0.525047      0.260599      0.315530      0.393098      0.239104     -0.252151     -0.384155     -0.457740     -0.504229     -0.581142     -0.438057     -0.375308     -0.433106     -0.443386     -0.387049     -0.345429     -0.348962     -0.292569     -0.514371     -0.415490     -0.391955     -0.309364     -0.462538     -0.412559     -0.369109    
 1970  0.416655      0.625610E-03 -0.330254     -0.437645     -0.891096      -1.34512      -1.81493      -1.72450      -1.29729      -1.23972      -1.41163      -1.29503      0.360650     -0.552998      -1.62818      -1.31621      0.316559      -1.25176     -0.947495     -0.546964E-02 -0.339590     -0.461425     -0.511100     -0.498086     -0.603964     -0.492309     -0.443733     -0.479292     -0.541477     -0.513376     -0.477430     -0.478106     -0.383326     -0.537717     -0.471778     -0.510761     -0.398926     -0.509810     -0.486657     -0.436643    
 1971  -1.58578      -1.56928      -1.25603     -0.939766      -1.02356      -1.12137      -1.00765      -1.30754      -1.07088      -1.30230      -1.24461      -1.45096      -1.48336      -1.07312      -1.14552      -1.20593      -1.39291      -1.07846      -1.23998      -1.35657     -0.465383     -0.556477     -0.573039     -0.540364     -0.638167     -0.533183     -0.489636     -0.507840     -0.579768     -0.566721     -0.524314     -0.542132     -0.499989     -0.583857     -0.510220     -0.556934     -0.510635     -0.548160     -0.543085     -0.520002    
 1972 -0.740025     -0.523655     -0.243914      0.101234      0.302164      0.724125       1.31876       1.64420       1.39791       1.76797       2.05592       2.27251     -0.904880      0.531613E-01   1.22903       1.74060     -0.917577      0.914732      0.839767     -0.647001     -0.531043     -0.583412     -0.549455     -0.530135     -0.588691     -0.470748     -0.417877     -0.401587     -0.425578     -0.402516     -0.365478     -0.379522     -0.552195     -0.556093     -0.430071     -0.397857     -0.549513     -0.472436     -0.470503     -0.538658    
 1973   1.77192      0.790377      0.131626     -0.734596      -1.23050      -1.28753      -1.54064      -1.60019      -1.55192      -1.66257      -1.75328      -1.82629       1.61160     -0.611157      -1.47612      -1.65592       1.46505      -1.32423     -0.874466      0.824881     -0.373202     -0.452018     -0.444037     -0.493114     -0.571520     -0.488313     -0.441378     -0.423620     -0.389254     -0.340352     -0.313356     -0.323947     -0.401580     -0.502890     -0.451104     -0.347654     -0.402795     -0.467867     -0.421176     -0.434564    
 1974  -1.81028      -1.34184     -0.915504     -0.709625     -0.801945     -0.719734     -0.472757     -0.380394     -0.660484     -0.999174      -1.03992      -1.01518      -1.65947     -0.809025     -0.524295     -0.899859      -1.55163     -0.624157     -0.905570      -1.35282     -0.334639     -0.403738     -0.408201     -0.491012     -0.593681     -0.534613     -0.498870     -0.481408     -0.414752     -0.364675     -0.337372     -0.353332     -0.354108     -0.497631     -0.504963     -0.372266     -0.354039     -0.502389     -0.434691     -0.416483    
 1975 -0.549095     -0.852243     -0.819225     -0.472635     -0.997215      -1.27798      -1.07578      -1.05888      -1.43505      -1.58332      -1.36886      -1.78745     -0.805506     -0.763025      -1.13755      -1.46241     -0.879140      -1.05292      -1.10648     -0.794692     -0.375114     -0.432754     -0.411637     -0.479633     -0.577241     -0.476229     -0.424947     -0.416622     -0.354188     -0.327322     -0.274483     -0.297292     -0.387067     -0.489504     -0.439266     -0.318664     -0.379147     -0.454810     -0.403955     -0.433585    
 1976  -1.90712      -1.10463     -0.628185     -0.560825     -0.249735      0.444035      0.548182      0.774035      0.791376      0.934956      0.848980      0.688530      -1.59973     -0.479582      0.588751      0.858437      -1.39659      0.291178      0.482999E-01  -1.02632     -0.333553     -0.397240     -0.366051     -0.436741     -0.506628     -0.358347     -0.313767     -0.316675     -0.259572     -0.227544     -0.160351     -0.159789     -0.342695     -0.436473     -0.329597     -0.215822     -0.332657     -0.365288     -0.319688     -0.374451    
 1977  0.875284      0.554176      0.266716     -0.543186     -0.286606     -0.710239E-01 -0.116117     -0.366405     -0.603352E-01  0.296837      0.261190      0.277779      0.705997     -0.187692     -0.184515      0.165897      0.694774     -0.240612      0.906924E-01  0.448452     -0.243480     -0.337164     -0.320859     -0.411399     -0.468617     -0.321207     -0.326956     -0.321064     -0.196086     -0.142219     -0.944323E-01 -0.581409E-01 -0.246811     -0.400292     -0.323076     -0.144246     -0.241531     -0.340888     -0.270135     -0.295035    
 1978  0.127464     -0.270462E-02 -0.410715     -0.838396      -1.05703     -0.853235     -0.740047     -0.998194     -0.751345     -0.378054     -0.241499      0.411186E-01  0.134179     -0.768714     -0.863825     -0.456966      0.916417E-01 -0.873041     -0.508553     -0.228472     -0.136068     -0.235824     -0.231420     -0.292880     -0.307023     -0.178125     -0.243452     -0.241641     -0.905231E-01 -0.604771E-01 -0.343603E-01  0.231176E-01 -0.143344     -0.277108     -0.221073     -0.617869E-01 -0.149684     -0.225607     -0.169056     -0.210020    
 1979 -0.329626     -0.291544     -0.108051E-01  0.170135      0.452557E-01 -0.282154E-01 -0.197678      0.148436      0.553514      0.469625      0.459949      0.458630     -0.193350      0.681952E-01 -0.258191E-01  0.494363     -0.201735      0.115241      0.120640     -0.292735     -0.138590E-01 -0.100910     -0.114994     -0.157795     -0.156280     -0.483376E-01 -0.130069     -0.128788      0.654915E-02  0.111976E-01  0.107547E-01  0.625570E-01 -0.305504E-01 -0.143023     -0.102398      0.950048E-02 -0.502470E-01 -0.102453     -0.633310E-01 -0.103293    
 1980  0.375586      0.269756E-01 -0.130415     -0.997047E-01 -0.553856E-01  0.202394     -0.116549     -0.318085     -0.212034     -0.394665     -0.337791E-01  0.318089E-01  0.287064     -0.951684E-01 -0.774133E-01 -0.213493      0.276725     -0.998940E-01 -0.603211E-01  0.184327      0.114175E-01 -0.440896E-01 -0.741805E-01 -0.165923     -0.156697     -0.460256E-01 -0.135019     -0.119518      0.484579E-01  0.695569E-01  0.533084E-01  0.105619      0.996166E-02 -0.132267     -0.100187      0.571077E-01 -0.372384E-02 -0.957873E-01 -0.377577E-01 -0.536079E-01
 1981 -0.713505     -0.885353     -0.544144     -0.419855     -0.447004     -0.311245     -0.482439     -0.715015     -0.263815     -0.151794     -0.339809     -0.277309E-01 -0.522350     -0.470334     -0.502900     -0.251806     -0.423273     -0.439895     -0.441809     -0.363701      0.303116E-01 -0.179189E-01 -0.548339E-01 -0.175867     -0.168299     -0.658108E-01 -0.158882     -0.138909      0.495122E-01  0.911222E-01  0.898954E-01  0.173142      0.393373E-01 -0.133000     -0.121201      0.768432E-01  0.310072E-01 -0.109709     -0.288781E-01 -0.358344E-01
 1982  0.189165     -0.604439E-02 -0.519638E-01  0.881538E-01  0.485825      0.656796      0.529772      0.963896       1.86055       2.32397       2.46949       2.88224      0.517966E-01  0.174005      0.716821       2.21800     -0.646962E-01  0.764166       1.03265     -0.515559E-01  0.919102E-01  0.401642E-01 -0.821194E-03 -0.912013E-01 -0.117862     -0.520508E-01 -0.120222     -0.764523E-01  0.107864      0.116575      0.129341      0.223580      0.101739     -0.699614E-01 -0.829085E-01  0.117927      0.809021E-01 -0.583207E-01  0.209021E-01 -0.199833E-02
 1983   2.99098       2.29955       1.72845       1.64887       1.81771       1.64145      0.918432      0.668575      0.967045E-01 -0.583735     -0.965410     -0.810850       2.72426       1.73168       1.07615     -0.484147       2.44911       1.13196      0.954227       1.92974      0.126112      0.689664E-01  0.534960E-01 -0.619019E-02 -0.757191E-01 -0.600146E-01 -0.113453     -0.778390E-02  0.173931      0.103789      0.101084      0.179635      0.139553     -0.947111E-02 -0.604171E-01  0.126268      0.119678     -0.148715E-01  0.453211E-01  0.406113E-01
 1984 -0.585165     -0.152723     -0.183794     -0.391396     -0.835276      -1.05297     -0.664167     -0.392084     -0.367664     -0.644514     -0.925489      -1.24183     -0.516246     -0.470155     -0.703074     -0.645889     -0.546946     -0.617260     -0.619756     -0.323134      0.979209E-01  0.347139E-01  0.210266E-01 -0.384071E-01 -0.135966     -0.129101     -0.180861     -0.573552E-01  0.111221      0.460840E-02 -0.162067E-01  0.579918E-01  0.104090     -0.511154E-01 -0.122439      0.332076E-01  0.896949E-01 -0.717447E-01 -0.192011E-01  0.239492E-01
 1985  -1.26868     -0.904955     -0.734674     -0.953415     -0.972225     -0.898504     -0.983377     -0.861795     -0.889694     -0.770794     -0.632219     -0.699560      -1.13849     -0.886771     -0.914559     -0.764236     -0.953357     -0.926502     -0.880824     -0.830683      0.863913E-02 -0.739888E-04 -0.321134E-01 -0.798411E-01 -0.159738     -0.144052     -0.175992     -0.613267E-01  0.820157E-01 -0.233651E-01 -0.705947E-01  0.134198E-01  0.221856E-01 -0.905641E-01 -0.127124     -0.398136E-02  0.380755E-02 -0.898223E-01 -0.535851E-01 -0.406483E-01
 1986 -0.809654     -0.528503     -0.325804     -0.278934     -0.506765     -0.331144     -0.214882E-01  0.189135      0.267105      0.553736      0.844080      0.951090     -0.679239     -0.370501     -0.544991E-01  0.554974     -0.627756     -0.113682      0.237832E-03 -0.634854      0.168881E-01  0.432426E-01 -0.158364E-01 -0.511151E-01 -0.105304     -0.949936E-01 -0.924673E-01  0.234828E-01  0.126750      0.302264E-01 -0.791886E-02  0.745303E-01  0.245168E-01 -0.574186E-01 -0.546594E-01  0.496859E-01 -0.604098E-02 -0.322746E-01 -0.437623E-02 -0.369134E-01
 1987   1.00979       1.13971       1.04459      0.868244      0.979164      0.979355       1.22675       1.46762       1.63098       1.18711       1.05500       1.02399       1.03353      0.963999       1.22458       1.29103      0.923833       1.19202       1.13436      0.733709      0.117329      0.151030      0.632462E-01  0.315652E-01 -0.262101E-01 -0.392042E-01 -0.443047E-01  0.342763E-01  0.585549E-01 -0.617243E-01 -0.834199E-01 -0.207471E-01  0.114297      0.228671E-01 -0.164109E-01 -0.288631E-01  0.714073E-01  0.244622E-02  0.150327E-01  0.376967E-01
 1988  0.676985     -0.121937E-01 -0.102245     -0.549604      -1.47995      -2.06289      -1.94752      -1.45885      -1.12132      -1.52405      -1.60044      -1.58400      0.562927     -0.710600      -1.82309      -1.41527      0.638108      -1.43669      -1.06384      0.338463      0.205533E-01  0.119012      0.567751E-01  0.552278E-01 -0.187469E-01 -0.931335E-01 -0.956837E-01 -0.375952E-01 -0.296053E-01 -0.156068     -0.175675     -0.135149      0.396062E-01  0.310853E-01 -0.754708E-01 -0.120450      0.507491E-02 -0.365895E-01 -0.408407E-01  0.186030E-02
 1989  -1.44296     -0.967104     -0.968664     -0.762995     -0.736755     -0.200285     -0.338367     -0.382334     -0.330715     -0.367985     -0.526930     -0.349110      -1.33135     -0.822805     -0.306995     -0.408543      -1.34787     -0.458575     -0.614517      -1.19291     -0.960739E-01  0.272220E-01 -0.133477E-01  0.254621E-01 -0.979588E-02 -0.916481E-01 -0.985433E-01 -0.503347E-01 -0.562481E-02 -0.592332E-01 -0.305709E-01  0.155758E-01 -0.680004E-01  0.772859E-03 -0.801754E-01 -0.318097E-01 -0.915153E-01 -0.384141E-01 -0.322427E-01 -0.656632E-01
 1990 -0.296715      0.677681E-02 -0.235355      0.474548E-02  0.251184      0.754356E-01  0.121521      0.133255      0.880852E-01 -0.116524     -0.134661     -0.518913E-01 -0.213016      0.685816E-02  0.110071     -0.543666E-01 -0.294886      0.112371     -0.128453E-01 -0.207447      0.443867E-01  0.984415E-01  0.181672E-01  0.638947E-01  0.491127E-01 -0.126739E-01 -0.405874E-01 -0.438872E-01 -0.368640E-03 -0.962271E-02  0.452105E-01  0.107580      0.528013E-01  0.437249E-01 -0.323829E-01  0.117397E-01  0.144612E-01  0.258170E-02  0.266378E-01  0.271651E-02
 1991  0.123775      0.117683E-02 -0.113665      0.502148E-01  0.335094      0.796885      0.949982      0.529835      0.330755      0.641895       1.01459       1.27818      0.243535E-01  0.905479E-01  0.758901      0.662413     -0.486316E-01  0.498794      0.494893      0.102772      0.145787      0.158505      0.478491E-01  0.741436E-01  0.593192E-01 -0.487150E-02 -0.325955E-01 -0.748967E-01 -0.489615E-01 -0.753292E-01 -0.448157E-01 -0.164428E-02  0.137291      0.604373E-01 -0.374546E-01 -0.563688E-01  0.825515E-01 -0.464372E-02  0.168742E-01  0.449215E-01
 1992   1.36071       1.26318       1.09921       1.27169       1.28561      0.664455      0.606022E-01 -0.650845E-01 -0.979252E-01 -0.308733     -0.394930     -0.329220       1.30069       1.21884      0.219991     -0.267196       1.10963      0.519891      0.484130      0.974174      0.502029E-01  0.601228E-01 -0.272797E-01  0.754513E-02  0.404527E-01  0.120253E-01 -0.836847E-02 -0.477952E-01 -0.294620E-01 -0.349048E-01 -0.257322E-02  0.167712E-01  0.362271E-01  0.690602E-02 -0.147128E-01 -0.223134E-01 -0.645721E-02 -0.426711E-02  0.306140E-02 -0.112645E-01
 1993 -0.116085      0.389965      0.447855      0.938585       1.16719      0.555204      0.360022      0.260126      0.291975      0.162096      0.538998E-01  0.112570     -0.184467E-01  0.851210      0.391784      0.169324     -0.518580E-01  0.595517      0.385284      0.187285      0.749519E-01  0.941598E-01  0.872432E-02  0.777778E-01  0.176909      0.171703      0.124885      0.495736E-01  0.368617E-01  0.895180E-01  0.151585      0.157558      0.619609E-01  0.878036E-01  0.115387      0.926548E-01  0.261882E-01  0.106285      0.101184      0.414911E-01
 1994  0.189354     -0.789433E-01 -0.305655     -0.276424     -0.573540E-02  0.629845E-01 -0.162949     -0.238424     -0.833244E-01  0.546347      0.957291      0.849249      0.743269E-01 -0.195938     -0.112796      0.473438      0.222203E-01 -0.117312      0.121148      0.688558E-01  0.204281      0.223220      0.136635      0.191713      0.326205      0.269985      0.193908      0.681293E-01  0.348631E-02  0.683530E-01  0.146396      0.124470      0.195020      0.218184      0.177340      0.727450E-01  0.160466      0.175571      0.163065      0.163502    
 1995  0.766014      0.445656      0.174847E-01 -0.299736     -0.623594     -0.434975     -0.325478     -0.886505      -1.06891     -0.969444     -0.999371     -0.950560      0.686973     -0.301948     -0.548986      -1.01258      0.597007     -0.606533     -0.444118      0.144920      0.145177      0.170014      0.150315      0.187353      0.300865      0.213340      0.147508      0.166268E-01 -0.587429E-01  0.132226E-02  0.758119E-01  0.367177E-01  0.146554      0.212845      0.125825      0.613041E-02  0.134121      0.134492      0.115526      0.147651    
 1996 -0.816336     -0.677843     -0.484325     -0.727634     -0.651266     -0.638624     -0.519548     -0.406345     -0.525536     -0.561745     -0.589291     -0.982391     -0.814913     -0.621075     -0.521506     -0.558857     -0.816313     -0.578159     -0.631740     -0.766358      0.493041E-01  0.983768E-01  0.146945      0.179961      0.255335      0.137994      0.610051E-01 -0.495652E-01 -0.128035     -0.684702E-01 -0.307420E-01 -0.857472E-01  0.614662E-01  0.194080      0.498114E-01 -0.757490E-01  0.680797E-01  0.761158E-01  0.471968E-01  0.905966E-01
 1997 -0.895216     -0.678595     -0.299465     -0.150261E-01  0.746334       1.62477       2.20935       2.60513       2.81361       3.11108       3.33322       3.32578     -0.852067      0.143948       2.14642       3.08597     -0.667784       1.66403       1.49008     -0.258504     -0.711581E-01  0.869102E-02  0.109102      0.117956      0.189801      0.914777E-01  0.278731E-01 -0.563111E-01 -0.129294     -0.543389E-01 -0.240229E-01 -0.101046     -0.494048E-01  0.138953      0.210132E-01 -0.692186E-01 -0.230541E-01  0.402506E-01  0.906092E-02  0.120263E-01
 1998   3.07697       2.48685       1.96189       1.73832       1.48200      0.485256     -0.265049     -0.648985     -0.977474     -0.959564     -0.795500      -1.07006       2.96320       1.72740     -0.142926     -0.910846       2.88263      0.302345      0.542888       2.38579     -0.130467     -0.644750E-01  0.528839E-01 -0.474249E-02  0.417344E-01  0.416638E-01  0.437016E-01 -0.254947E-01 -0.914078E-01  0.251857E-01  0.969086E-01  0.116097E-01 -0.986626E-01  0.299586E-01  0.199569E-01  0.102288E-01 -0.535776E-01  0.909162E-03 -0.241576E-03 -0.333785E-01
 1999  -1.25637     -0.884933     -0.474594     -0.772215     -0.712786     -0.782804     -0.640388     -0.821085      -1.14207      -1.35577      -1.43565      -1.52480      -1.07045     -0.653198     -0.748092      -1.31116     -0.906837     -0.811891     -0.983622     -0.800028     -0.856694E-01 -0.436545E-01  0.663494E-01 -0.534205E-01 -0.775978E-01 -0.199311E-01  0.503036E-01  0.263801E-03 -0.747203E-01  0.396078E-01  0.116782      0.392993E-01 -0.392381E-01 -0.215563E-01  0.102121E-01  0.272230E-01  0.117883E-01 -0.291837E-01 -0.353233E-02 -0.127851E-01
 2000  -1.66537      -1.13952     -0.455814     -0.732250E-01 -0.279575     -0.474936     -0.504448     -0.458044     -0.345144     -0.469355     -0.637619     -0.631250      -1.44323     -0.269538     -0.479143     -0.484039      -1.26282     -0.355895     -0.594525     -0.917350     -0.970418E-01 -0.521310E-01  0.885484E-01 -0.204240E-01 -0.515858E-01  0.184490E-03  0.903041E-01  0.793543E-01 -0.151800E-02  0.734292E-01  0.100550      0.202263E-01 -0.366246E-01  0.551286E-02  0.566143E-01  0.574871E-01  0.225107E-01  0.160525E-01  0.191580E-01  0.325714E-02
 2001 -0.425035     -0.285275      0.393963E-01 -0.196648E-01 -0.447559E-01 -0.159664     -0.154108     -0.202705     -0.621855     -0.401123     -0.613529     -0.591761     -0.447187     -0.834147E-02 -0.172159     -0.545502     -0.401523     -0.200459     -0.290007     -0.328405     -0.119558     -0.629180E-01  0.854084E-01  0.172890E-01  0.253908E-01  0.680099E-01  0.149811      0.174390      0.112591      0.179453      0.179751      0.115317     -0.540832E-01  0.426961E-01  0.130737      0.157265      0.161897E-01  0.912470E-01  0.770780E-01  0.313307E-01
 2002 -0.499725     -0.244083      0.189285      0.101475      0.354795      0.690676      0.502052      0.532536      0.829506       1.01691       1.36757       1.23475     -0.445190      0.215185      0.575088       1.07133     -0.360156      0.501840      0.506312     -0.166055     -0.316715E-01 -0.875792E-02  0.815379E-01  0.119515E-01 -0.181791E-01 -0.606996E-02  0.297681E-01  0.267799E-01 -0.270255E-01  0.269828E-01  0.180327E-01 -0.252551E-01  0.249626E-01  0.251034E-01  0.168260E-01  0.599667E-02  0.859382E-01  0.287083E-02  0.650783E-02  0.783436E-01
 2003  0.558174      0.433907      0.233416     -0.345175     -0.863335     -0.467295      0.235142      0.278835      0.122265      0.426947      0.710030      0.801710      0.742277     -0.325031      0.155607E-01  0.419747      0.807455     -0.173261      0.177052      0.419418     -0.171200     -0.157448     -0.545647E-01 -0.118568     -0.177044     -0.143655     -0.897977E-01 -0.103342     -0.170545     -0.145101     -0.189194     -0.246631     -0.117968     -0.116726     -0.112265     -0.168280     -0.605755E-01 -0.133825     -0.147258     -0.644332E-01
 2004  0.411045      0.293526      0.178095      0.337753E-01 -0.361855     -0.146414      0.939713E-01  0.258036      0.420135      0.569937      0.698620      0.713900      0.502094     -0.499949E-01  0.685311E-01  0.562897      0.470226      0.496081E-01  0.263564      0.248592     -0.361549     -0.328409     -0.197532     -0.188330     -0.204510     -0.968764E-01  0.152913E-01  0.368470E-01 -0.134599E-01  0.166645E-01 -0.229478E-01 -0.763076E-01 -0.312197     -0.196791     -0.149127E-01 -0.658101E-02 -0.244736     -0.751730E-01 -0.118427     -0.193485    
 2005  0.316875     -0.963440E-01 -0.222855E-01  0.499954E-01  0.252766      0.176735      0.217611      0.198845     -0.108324     -0.316605      -1.06533      -1.19667      0.311477      0.934920E-01  0.197730     -0.496753      0.363450      0.131271     -0.132728      0.286028     -0.188105     -0.212224     -0.154526     -0.130985     -0.139875     -0.296289E-01  0.677158E-01  0.852417E-01  0.324146E-01  0.752220E-01  0.656457E-01  0.252189E-01 -0.158879     -0.141795      0.411095E-01  0.577608E-01 -0.106241     -0.191861E-01 -0.419904E-01 -0.749380E-01
 2006 -0.817514     -0.351583     -0.507355     -0.323105      0.119057E-01  0.106174      0.127502      0.409016      0.796066      0.905886       1.06068       1.16554     -0.788589     -0.272851      0.214231      0.920877     -0.709176      0.187926      0.215268     -0.345996     -0.937651E-01 -0.136043     -0.138098     -0.119497     -0.137602     -0.273459E-01  0.513304E-01  0.431474E-01 -0.177247E-01 -0.601357E-02  0.274858E-02 -0.321705E-01 -0.681965E-01 -0.131732      0.223773E-01 -0.699652E-02 -0.336366E-01 -0.346152E-01 -0.509194E-01 -0.250743E-01
 2007  0.863686      0.783463E-01 -0.353844     -0.526306     -0.788235     -0.601625     -0.838558      -1.16243      -1.30033      -1.40595      -1.55111      -1.63360      0.702524     -0.556128     -0.867538      -1.41913      0.620049     -0.869581     -0.768330      0.261393     -0.139550     -0.157809     -0.190403     -0.131388     -0.154132     -0.262075E-01  0.637528E-01  0.349984E-01 -0.448293E-01 -0.861496E-01 -0.853890E-01 -0.128903     -0.109843     -0.158641      0.241812E-01 -0.721226E-01 -0.871996E-01 -0.429675E-01 -0.871674E-01 -0.631810E-01
 2008  -1.47251      -1.24390     -0.705784     -0.360796     -0.160736     -0.400448E-01  0.391542      0.516136      0.266085      0.115786     -0.557098E-01 -0.538200      -1.45000     -0.409105      0.289211      0.108720      -1.33548      0.102031     -0.274011     -0.989646     -0.204596     -0.205416     -0.222117     -0.128512     -0.156488     -0.485325E-01  0.315218E-01 -0.104056E-01 -0.948733E-01 -0.164381     -0.193583     -0.256380     -0.179638     -0.169039     -0.913878E-02 -0.150946     -0.155428     -0.678817E-01 -0.137814     -0.101015    
 2009 -0.513865     -0.573404     -0.666265     -0.683346E-01  0.380634      0.678064      0.804802      0.817575      0.756065      0.804195       1.14949       1.34981     -0.541823     -0.117989      0.766814      0.903250     -0.371943      0.561468      0.409897     -0.562762E-02 -0.308511     -0.310012     -0.260515     -0.118531     -0.108381     -0.244270E-01  0.670582E-02 -0.592385E-01 -0.123088     -0.192423     -0.228947     -0.302641     -0.291634     -0.162476     -0.256533E-01 -0.181486     -0.248897     -0.711599E-01 -0.169167     -0.151540    
 2010   1.06101      0.872665      0.595976      0.369804     -0.802956E-01 -0.590855     -0.901148      -1.12881      -1.32579      -1.45817      -1.45089      -1.47533       1.09449      0.295161     -0.873604      -1.41162      0.972191     -0.609516     -0.459319      0.659187     -0.349960     -0.357179     -0.275222     -0.786462E-01 -0.276564E-01  0.845262E-01  0.110499      0.329282E-01  0.157840E-02 -0.425185E-01 -0.232888E-01 -0.995931E-01 -0.336593     -0.127175      0.759844E-01 -0.214096E-01 -0.284395      0.205382E-01 -0.853778E-01 -0.158648    
 2011  -1.26462     -0.773853     -0.683834     -0.232935     -0.198565      0.191498E-02 -0.851173E-01 -0.373825     -0.643995      -1.03702      -1.05820     -0.895470      -1.17127     -0.371778     -0.152342     -0.913072      -1.18445     -0.255420     -0.603793     -0.907669     -0.178056     -0.233384     -0.162362      0.791873E-02  0.146808E-01  0.148249      0.167236      0.826200E-01  0.767031E-01  0.339237E-01  0.952442E-01  0.239584E-01 -0.170344     -0.465874E-01  0.132702      0.686237E-01 -0.123200      0.829013E-01  0.639436E-02 -0.352790E-01
 2012 -0.575834     -0.190825     -0.133585      0.769253E-01  0.177996      0.551865      0.681511      0.540676      0.309555      0.500870E-01  0.494900E-01 -0.396191     -0.554043      0.404454E-01  0.591351      0.136377     -0.648489      0.389755      0.951392E-01 -0.348924     -0.547956E-01 -0.995837E-01 -0.201988E-01  0.114300      0.767161E-01  0.181630      0.186202      0.838306E-01  0.505369E-01 -0.192748E-02  0.420166E-01 -0.330746E-01 -0.434736E-01  0.569392E-01  0.150554      0.302087E-01 -0.357528E-02  0.115536      0.438043E-01  0.564795E-01
 2013 -0.666636     -0.571493     -0.779839E-01 -0.263115     -0.733665     -0.774984     -0.588938     -0.637384     -0.358665     -0.170864     -0.135769     -0.116880     -0.544773     -0.358255     -0.667102     -0.221766     -0.268788     -0.559458     -0.424698     -0.154396     -0.300922E-01 -0.212897E-01  0.552783E-01  0.195962      0.151106      0.234477      0.227640      0.110244      0.681852E-01  0.295222E-01  0.755512E-01  0.175062E-01 -0.807122E-02  0.134115      0.190787      0.577529E-01  0.271437E-01  0.164602      0.928408E-01  0.937665E-01
 2014 -0.442455     -0.792984     -0.278484      0.151335      0.470634      0.643385      0.421732      0.197596      0.336775      0.606907      0.837141      0.707260     -0.450773      0.114495      0.420904      0.593608     -0.322906      0.370243      0.238237     -0.188089      0.832131E-01  0.831059E-01  0.142490      0.244259      0.155948      0.224532      0.184048      0.447600E-01  0.160805E-01 -0.211211E-01  0.200996E-01 -0.281760E-01  0.108145      0.180899      0.151113      0.501967E-02  0.130773      0.144938      0.957699E-01  0.163343    
 2015  0.341404      0.468159E-01  0.140156      0.730135       1.03476       1.56600       1.96571       2.10262       2.46836       2.64452       2.90931       2.87093      0.365160      0.635017       1.87811       2.67406      0.446614       1.64460       1.56839      0.580557      -999.900      -999.900      -999.900      -999.900      -999.900      -999.900      -999.900      -999.900      -999.900      -999.900      -999.900      -999.900      -999.900      -999.900      -999.900      -999.900      -999.900      -999.900      -999.900      -999.900    
 2016   2.59604       1.98116       1.58742      0.728054      0.766544E-01 -0.863457E-02 -0.485847     -0.500925     -0.278124     -0.526394     -0.543301     -0.431030       2.48271      0.797376     -0.331802     -0.449273       2.43156     -0.781370E-01  0.349589       1.82685      -999.900      -999.900      -999.900      -999.900      -999.900      -999.900      -999.900      -999.900      -999.900      -999.900      -999.900      -999.900      -999.900      -999.900      -999.900      -999.900      -999.900      -999.900      -999.900      -999.900    
 2017 -0.846653E-01  0.421616      0.394636      0.550165      0.387724      0.180796      0.154102     -0.228275     -0.749464     -0.690693      -1.01168      -1.17769     -0.313598E-01  0.444175      0.355410E-01 -0.817279     -0.128190      0.491747E-01 -0.154452     -0.762791E-01  -999.900      -999.900      -999.900      -999.900      -999.900      -999.900      -999.900      -999.900      -999.900      -999.900      -999.900      -999.900      -999.900      -999.900      -999.900      -999.900      -999.900      -999.900      -999.900      -999.900    

