# sst [degree_C]
# series: averaged file ./data/iersst_nino3.4a.dat
#year     Jan     Feb     Mar     Apr     May     Jun     Jul     Aug     Sep     Oct     Nov     Dec     DJF     MAM     JJA     SON Oct-Mar Apr-Sep Jan-Dec Jul-Jun; repeated with 10-yr running average
#                                                                                                     (the year is the year of the last month)
 1854 -0.666496     -0.703995     -0.337189     -0.853786E-01  0.896339E-01 -0.369650     -0.294836      -1.03098     -0.610682      -1.25055      -1.23834      -1.44707      -999.900     -0.110978     -0.565155      -1.03319      -999.900     -0.383649     -0.662128      -999.900      -999.900      -999.900      -999.900      -999.900      -999.900      -999.900      -999.900      -999.900      -999.900      -999.900      -999.900      -999.900      -999.900      -999.900      -999.900      -999.900      -999.900      -999.900      -999.900      -999.900    
 1855 -0.614506      0.203485     -0.860882E-01 -0.690994E-01 -0.786457E-01 -0.429150     -0.397667     -0.354080      0.758959      0.688393       1.18540       1.12304     -0.619364     -0.779444E-01 -0.393632      0.877584     -0.738845     -0.949472E-01  0.160837     -0.578872      -999.900      -999.900      -999.900      -999.900      -999.900      -999.900      -999.900      -999.900      -999.900      -999.900      -999.900      -999.900      -999.900      -999.900      -999.900      -999.900      -999.900      -999.900      -999.900      -999.900    
 1856  0.657564      0.301815      0.499472     -0.474890     -0.737684     -0.775511     -0.896776      -1.61435      -2.46747      -2.76707      -2.92586      -2.95581      0.694140     -0.237701      -1.09555      -2.72013      0.742614      -1.16111      -1.17971      0.206234      -999.900      -999.900      -999.900      -999.900      -999.900      -999.900      -999.900      -999.900      -999.900      -999.900      -999.900      -999.900      -999.900      -999.900      -999.900      -999.900      -999.900      -999.900      -999.900      -999.900    
 1857  -2.48899      -2.19433      -1.85184      -1.47551     -0.464085      0.177149     -0.209806     -0.787651     -0.157562     -0.393877     -0.368349     -0.359455      -2.54638      -1.26381     -0.273436     -0.306596      -2.53065     -0.486244     -0.881192      -1.82708     -0.735854     -0.773236     -0.676116     -0.793603     -0.630461     -0.593874     -0.542561     -0.767953     -0.686209     -0.928747     -0.780159     -0.895341      -999.900     -0.700060     -0.634796     -0.798372      -999.900     -0.669110     -0.733676      -999.900    
 1858 -0.646553E-01 -0.194374     -0.341257     -0.407490     -0.403265     -0.503429     -0.500755     -0.682871     -0.588461     -0.382998     -0.100040     -0.203526     -0.206161     -0.384004     -0.562352     -0.357166     -0.286995     -0.514379     -0.364427     -0.349264     -0.760449     -0.814016     -0.740197     -0.846789     -0.707321     -0.704152     -0.627143     -0.803280     -0.688184     -0.944613     -0.796890     -0.894427     -0.831268     -0.764769     -0.711525     -0.809896     -0.831720     -0.729478     -0.777288     -0.788999    
 1859  0.321255E-01 -0.378525     -0.389698     -0.913410     -0.719305     -0.431580      0.527382E-02  0.464096E-01 -0.480431     -0.421648     -0.231180     -0.439665     -0.183308     -0.674138     -0.126632     -0.377753     -0.237110     -0.415507     -0.360136     -0.438254     -0.774092     -0.831790     -0.780177     -0.896761     -0.764781     -0.734595     -0.664953     -0.795573     -0.699790     -0.912734     -0.768208     -0.855142     -0.837566     -0.813906     -0.731707     -0.793577     -0.842949     -0.759409     -0.789883     -0.806610    
 1860 -0.743286      -1.15001      -1.06081      -1.20394     -0.935474     -0.353340     -0.361807     -0.437641      -1.00064      -1.73957      -1.50724      -1.98152     -0.777654      -1.06674     -0.384263      -1.41582     -0.674433     -0.715474      -1.03961     -0.580675     -0.776050     -0.874956     -0.830307     -0.964662     -0.836637     -0.768194     -0.700437     -0.799578     -0.774356     -0.954062     -0.831264     -0.906962     -0.835383     -0.877202     -0.756069     -0.853227     -0.836233     -0.807311     -0.834789     -0.812267    
 1861  -1.88394      -1.88218      -1.47582      -1.38328      -1.25134      -1.17245      -1.08151      -1.01203     -0.992361     -0.954567     -0.904039     -0.872616      -1.91588      -1.37015      -1.08866     -0.950322      -1.74504      -1.14883      -1.23884      -1.33979     -0.842897     -0.967881     -0.922566      -1.01010     -0.864041     -0.779311     -0.705633     -0.771467     -0.753185     -0.917079     -0.811284     -0.879719     -0.905913     -0.932236     -0.752137     -0.827183     -0.904272     -0.813956     -0.852097     -0.862788    
 1862 -0.965145      -1.14879      -1.40752      -1.46525      -1.71750      -2.37993      -1.74777      -1.30881     -0.588261      -1.34492      -1.08340     -0.947546     -0.995517      -1.53009      -1.81217      -1.00553      -1.04211      -1.53459      -1.34207      -1.24177     -0.823036     -0.945091     -0.929037     -0.989595     -0.883696     -0.829097     -0.728331     -0.728215     -0.692773     -0.831686     -0.719404     -0.778320     -0.882615     -0.934110     -0.761881     -0.747954     -0.884208     -0.808618     -0.823190     -0.853160    
 1863 -0.973866      -1.17250      -1.16224      -1.13250      -1.00377     -0.903111     -0.944416     -0.898312     -0.821672     -0.814037     -0.794819     -0.825775      -1.03130      -1.09950     -0.915280     -0.810176      -1.11408     -0.950630     -0.953918      -1.11406     -0.763962     -0.899294     -0.891251     -0.982658     -0.925828     -0.889238     -0.769975     -0.733570     -0.736282     -0.872145     -0.774702     -0.826389     -0.813859     -0.933246     -0.797594     -0.794376     -0.813986     -0.839592     -0.838775     -0.819247    
 1864 -0.725956     -0.700994     -0.714748     -0.799109     -0.763115     -0.779551     -0.733755     -0.781801     -0.709322     -0.743547     -0.666769     -0.730024     -0.750908     -0.758991     -0.765036     -0.706546     -0.762721     -0.761109     -0.737391     -0.798542     -0.837544     -0.947770     -0.928853      -1.00182     -0.942161     -0.913344     -0.837809     -0.847810     -0.843622     -0.980350     -0.832456     -0.915401     -0.870568     -0.957610     -0.866321     -0.885476     -0.864567     -0.897760     -0.902411     -0.857046    
 1865 -0.594196     -0.662825     -0.711138     -0.713388     -0.663015     -0.691221     -0.668427     -0.683361     -0.633722     -0.645168     -0.647289     -0.630396     -0.662348     -0.695847     -0.681003     -0.642060     -0.684750     -0.675522     -0.662012     -0.700083     -0.907561      -1.02546     -0.990496      -1.03129     -0.989693     -0.993314     -0.955077      -1.00817     -0.957501      -1.05715     -0.846331     -0.939807     -0.949474      -1.00382     -0.985520     -0.953660     -0.941954     -0.989173     -0.975154     -0.932938    
 1866 -0.699686     -0.690386     -0.720648     -0.739349     -0.701395     -0.735781     -0.729946     -0.722860     -0.651371     -0.693838     -0.693569     -0.657526     -0.673489     -0.720464     -0.729529     -0.679593     -0.672262     -0.713450     -0.703030     -0.682967     -0.893192      -1.04547     -0.986763      -1.00635     -0.999743      -1.01989     -0.976936      -1.01468     -0.931149      -1.02165     -0.818191     -0.896181     -0.959489     -0.997619      -1.00384     -0.923664     -0.961452     -0.991458     -0.967517     -0.976287    
 1867 -0.734526     -0.746315     -0.761148     -0.800959     -0.893486     -0.858311     -0.830597     -0.814091     -0.765421     -0.759247     -0.763050     -0.629755     -0.712789     -0.818531     -0.834333     -0.762573     -0.714487     -0.827144     -0.779742     -0.745321     -0.855655      -1.00961     -0.933324     -0.931322     -0.924460     -0.921314     -0.847501     -0.971773     -0.912146      -1.01594     -0.823167     -0.911692     -0.920482     -0.929702     -0.913530     -0.917085     -0.922435     -0.918086     -0.921492     -0.936206    
 1868 -0.637625     -0.726456     -0.676218     -0.943298     -0.816496     -0.670790     -0.712835     -0.763531     -0.850782     -0.826817     -0.811289     -0.894615     -0.664612     -0.812004     -0.715719     -0.829629     -0.698725     -0.792955     -0.777563     -0.752754     -0.885678      -1.03822     -0.946871     -0.924825     -0.890933     -0.845132     -0.724896     -0.933829     -0.907717      -1.04749     -0.857845     -0.950164     -0.945195     -0.920877     -0.834619     -0.937686     -0.936928     -0.871222     -0.912800     -0.917823    
 1869 -0.866545     -0.815954     -0.806787     -0.760750     -0.632734     -0.746330      -1.13933      -2.15774      -2.36490      -2.14192     -0.675020      -1.52881     -0.859038     -0.733424      -1.34780      -1.72728     -0.837001      -1.30030      -1.21974     -0.790747     -0.951709      -1.12243      -1.02084     -0.970005     -0.922863     -0.851225     -0.724552     -0.919652     -0.907188      -1.08845     -0.913771     -0.992429      -1.00810     -0.971238     -0.831809     -0.969803     -0.991747     -0.882581     -0.948760     -0.938419    
 1870  -1.24496      -2.26640      -1.87658      -1.94601      -1.97268      -1.63800      -1.56256      -1.44064      -1.39375      -1.55527      -1.34089      -1.38050      -1.68006      -1.93176      -1.54707      -1.42997      -1.62228      -1.65894      -1.63485      -1.74603      -1.00340      -1.19290      -1.07501      -1.02034     -0.964741     -0.889687     -0.764350     -0.960472     -0.959011      -1.15209     -0.982278      -1.04273      -1.06291      -1.02003     -0.871503      -1.03113      -1.04433     -0.926433      -1.00058     -0.974343    
 1871  -1.09488      -1.16594     -0.585379     -0.142500     -0.415146     -0.419361     -0.317936     -0.139240     -0.722122E-01 -0.428967     -0.507599     -0.601105      -1.21377     -0.381008     -0.292179     -0.336259      -1.18714     -0.251066     -0.490855      -1.04140      -1.01739      -1.23128      -1.10736      -1.08319      -1.01601     -0.903171     -0.740294     -0.958519     -0.971645      -1.15234     -0.967437      -1.01261      -1.09713      -1.06885     -0.867328      -1.03047      -1.08885     -0.945472      -1.01344      -1.01828    
 1872  -1.00348      -1.14784      -1.22918      -1.20547      -1.04803      -1.16144      0.773449E-01  -1.32350      -1.12836      -1.75629      -1.57936      -1.52928     -0.917475      -1.16089     -0.802532      -1.48800     -0.819695     -0.964909      -1.16957     -0.738542     -0.957372      -1.19650      -1.06165      -1.06642     -0.997183     -0.840373     -0.613917     -0.803760     -0.825075     -0.974275     -0.767642     -0.811710      -1.05549      -1.04175     -0.752684     -0.855664      -1.05798     -0.857788     -0.909656     -0.993528    
 1873  -1.53599      -1.74559      -1.61153      -1.26234      -1.00270     -0.597960     -0.317427     -0.124741     -0.192991      -1.03373     -0.992409      -1.01349      -1.60362      -1.29219     -0.346709     -0.739710      -1.62634     -0.583027     -0.952575      -1.24963     -0.744124     -0.974405     -0.909865     -0.890240     -0.835721     -0.753736     -0.529247     -0.668222     -0.699146     -0.857912     -0.643574     -0.682707     -0.843413     -0.878609     -0.650401     -0.733544     -0.863670     -0.729385     -0.765742     -0.825373    
 1874  -1.48445      -1.81214      -1.74492      -1.57287      -1.40278      -1.20656      -1.35385      -1.27183      -1.32742      -1.34298      -1.58770      -1.38760      -1.43669      -1.57352      -1.27741      -1.41937      -1.34686      -1.35589      -1.45793      -1.07488     -0.610165     -0.790666     -0.832013     -0.782264     -0.744575     -0.741424     -0.549170     -0.628066     -0.656774     -0.857525     -0.728095     -0.697603     -0.694513     -0.786284     -0.639553     -0.747464     -0.736173     -0.683712     -0.718195     -0.715160    
 1875 -0.869576     -0.961096     -0.764267     -0.946259     -0.860905      -1.03346     -0.844307      -1.00973      -1.05209      -1.31844      -1.09649     -0.978886      -1.07276     -0.857144     -0.962499      -1.15567      -1.15220     -0.957792     -0.977959      -1.14225     -0.656079     -0.728970     -0.774325     -0.741915     -0.678699     -0.691714     -0.497385     -0.533247     -0.541858     -0.759335     -0.713691     -0.624158     -0.694217     -0.731646     -0.574115     -0.671628     -0.740433     -0.614136     -0.661781     -0.699078    
 1876 -0.704046      -1.15968      -1.31452      -1.76352      -1.52896     -0.663210     -0.729351E-01 -0.357431     -0.485682     -0.255680E-01  0.524406E-01  0.293446     -0.947537      -1.53567     -0.364525     -0.152936      -1.09534     -0.811956     -0.644139      -1.11949     -0.625179     -0.628449     -0.674154     -0.683094     -0.572518     -0.607325     -0.426384     -0.487518     -0.494946     -0.698884     -0.658841     -0.532018     -0.625929     -0.643255     -0.507076     -0.617557     -0.670828     -0.545298     -0.590776     -0.621699    
 1877  0.470194      0.418526      0.746912      0.558630      0.310696      0.325069       1.03993       1.91565       2.00029       2.13371       2.48685       2.43723      0.394055      0.538746       1.09355       2.20695      0.325992       1.02504       1.23697      0.186191     -0.543700     -0.524981     -0.566621     -0.595247     -0.484063     -0.559173     -0.464339     -0.464922     -0.506379     -0.685452     -0.651424     -0.475734     -0.533566     -0.548643     -0.496145     -0.614418     -0.587507     -0.512354     -0.543503     -0.547698    
 1878   2.42262       2.55058      0.851421       1.22068       1.20856     -0.121420     -0.889956     -0.782501      -1.09791      -1.39252      -1.57983      -1.38153       2.47014       1.09355     -0.597959      -1.35675       2.14707     -0.770912E-01  0.840161E-01   1.67884     -0.475592     -0.405530     -0.425262     -0.450512     -0.386046     -0.519181     -0.508550     -0.450503     -0.524030     -0.637712     -0.602808     -0.417386     -0.452285     -0.420607     -0.492745     -0.588184     -0.519832     -0.473137     -0.483593     -0.492531    
 1879  -1.24763     -0.418196     -0.777388     -0.765219     -0.834885      -1.04947      -1.36067      -1.33565      -1.27032      -1.56846      -1.59690      -1.33982      -1.01579     -0.792497      -1.24860      -1.47856      -1.13285      -1.10270      -1.13038      -1.01809     -0.359236     -0.236811     -0.280981     -0.292441     -0.273594     -0.452439     -0.458954     -0.432161     -0.473886     -0.542983     -0.470166     -0.300443     -0.337811     -0.282339     -0.447851     -0.495678     -0.422489     -0.397246     -0.381175     -0.419708    
 1880  -1.78214      -1.43024     -0.752209      -1.13456     -0.453005     -0.340651     -0.305527     -0.366362     -0.190022     -0.164948     -0.130939     -0.100595      -1.51740     -0.779925     -0.337513     -0.161970      -1.41163     -0.465021     -0.595933      -1.19705     -0.230447     -0.954847E-01 -0.184992     -0.183651     -0.169573     -0.350825     -0.377316     -0.356039     -0.336836     -0.367498     -0.279079     -0.129424     -0.208792     -0.179406     -0.361393     -0.327804     -0.304086     -0.295707     -0.255097     -0.324464    
 1881  0.603046E-01  0.831413E-02  0.293652      0.222481      0.188805     -0.289402E-01 -0.154957     -0.298931     -0.337692     -0.610258     -0.620539     -0.382061E-01 -0.106588E-01  0.234979     -0.160943     -0.522830     -0.570188E-02 -0.682057E-01 -0.109664     -0.428147E-01 -0.122640     -0.909584E-02 -0.133688     -0.107021     -0.119419     -0.358122     -0.413564     -0.367665     -0.315704     -0.347245     -0.279743     -0.180640     -0.870533E-01 -0.120043     -0.379783     -0.314231     -0.173571     -0.280249     -0.229546     -0.224682    
 1882 -0.529095     -0.252735      0.424614E-01  0.186491      0.117125     -0.588810     -0.844736     -0.711891      -1.09154      -1.30636      -1.31808     -0.966505     -0.273345      0.115359     -0.715146      -1.23866     -0.334729     -0.488894     -0.605306     -0.257095     -0.223987     -0.112299     -0.231658     -0.151868     -0.178233     -0.477709     -0.570589     -0.543949     -0.483663     -0.559507     -0.507415     -0.444550     -0.172308     -0.187253     -0.530749     -0.516861     -0.229262     -0.401002     -0.373785     -0.273359    
 1883 -0.648216     -0.251675     -0.559883E-01  0.240391     -0.207525     -0.370750     -0.279566     -0.447971     -0.582842     -0.528868     -0.281380     -0.409296     -0.622132     -0.770743E-02 -0.366096     -0.464363     -0.757804     -0.274711     -0.318641     -0.627740     -0.490222     -0.357923     -0.375196     -0.295040     -0.303432     -0.513609     -0.591691     -0.605015     -0.497187     -0.539056     -0.470663     -0.393254     -0.430898     -0.324556     -0.570105     -0.502302     -0.455802     -0.467662     -0.452691     -0.453758    
 1884 -0.450954E-01  0.683250E-01 -0.414848      0.858212E-01  0.510941E-01 -0.989304E-01 -0.399786     -0.581760      0.653076E-01  0.467529E-01  0.354111      0.347055     -0.128689     -0.926442E-01 -0.360159      0.155391     -0.268527     -0.146376     -0.434961E-01 -0.240296     -0.430636     -0.338879     -0.303263     -0.267866     -0.287688     -0.443777     -0.540780     -0.560672     -0.418337     -0.434518     -0.323783     -0.244901     -0.387590     -0.286272     -0.515076     -0.392212     -0.412625     -0.419853     -0.382925     -0.430748    
 1885  0.266834     -0.150356E-01 -0.174568     -0.429150     -0.234375     -0.108820     -0.165615     -0.177351      0.296188      0.801523      0.783451      0.706844      0.199618     -0.279364     -0.150595      0.627054      0.137525     -0.136521      0.129160     -0.719528E-01 -0.270603     -0.270144     -0.251362     -0.210131     -0.248900     -0.434866     -0.593357     -0.612860     -0.500936     -0.530864     -0.405673     -0.286445     -0.261883     -0.236798     -0.547028     -0.479158     -0.299218     -0.433508     -0.384678     -0.350750    
 1886  0.315695     -0.377964     -0.878138     -0.748039      -1.15241      -1.73378      -1.47657      -1.42233      -1.41131      -1.74048      -1.84079      -2.41659      0.214858     -0.926196      -1.54423      -1.66419      0.225235      -1.32407      -1.24023     -0.194133     -0.283808     -0.332558     -0.321770     -0.221687     -0.268646     -0.456759     -0.626768     -0.648872     -0.559543     -0.567634     -0.440463     -0.310088     -0.300937     -0.270701     -0.577466     -0.522547     -0.360186     -0.463712     -0.419883     -0.401280    
 1887  -2.57648      -2.42726      -1.64886      -1.35379      -1.24212     -0.996099     -0.696945     -0.545141     -0.433262     -0.396608     -0.173349     -0.130936      -2.47344      -1.41492     -0.746062     -0.334406      -2.10841     -0.877893      -1.05174      -1.71272     -0.283345     -0.353085     -0.390586     -0.258661     -0.304557     -0.463036     -0.641381     -0.690405     -0.593774     -0.587450     -0.443663     -0.357859     -0.315506     -0.317935     -0.598274     -0.541629     -0.390867     -0.491969     -0.447317     -0.433887    
 1888  0.144585      0.483894      0.376423      0.269670      0.257395      0.481750      0.424885      0.456968       1.06516       1.54681       1.81541       2.21255      0.165848      0.301163      0.454534       1.47579      0.506682E-01  0.492638      0.794625     -0.302103E-01 -0.326852     -0.424414     -0.507699     -0.385038     -0.394661     -0.518221     -0.715746     -0.789572     -0.671078     -0.691127     -0.537005     -0.446755     -0.369708     -0.429133     -0.674513     -0.633070     -0.441323     -0.579053     -0.534014     -0.489285    
 1889   2.22213       2.02937       1.13628      0.729271      0.431154     -0.256001      -1.65730      -1.68826      -1.85640      -2.41702      -2.05454      -1.96684       2.15468      0.765568      -1.20052      -2.10932       1.82709     -0.716256     -0.445680       1.15117     -0.443685     -0.565492     -0.646148     -0.543366     -0.504782     -0.602556     -0.823191     -0.880931     -0.790681     -0.823504     -0.682538     -0.559662     -0.485311     -0.564765     -0.768893     -0.765574     -0.555035     -0.690918     -0.655545     -0.596443    
 1890  -2.05124      -2.50311      -1.62786      -1.47435     -0.943285     -0.955910      -1.06044      -1.05750      -1.25591      -1.24332      -1.31111     -0.304464      -2.17373      -1.34850      -1.02462      -1.27011      -2.10344      -1.12457      -1.31571      -1.76634     -0.571472     -0.700314     -0.748811     -0.628223     -0.548981     -0.652973     -0.879055     -0.919024     -0.874380     -0.924110     -0.794636     -0.638692     -0.610483     -0.642005     -0.817017     -0.864376     -0.681050     -0.750439     -0.740056     -0.700940    
 1891  0.652943E-01 -0.167086     -0.238857      0.331141      0.284174      0.148470     -0.682564E-01 -0.328032     -0.443951     -0.267288     -0.136169     -0.307186     -0.135419      0.125486     -0.826061E-01 -0.282469     -0.533257     -0.127424E-01 -0.939788E-01 -0.484134     -0.641509     -0.734016     -0.741041     -0.593638     -0.474082     -0.552609     -0.766662     -0.814142     -0.776471     -0.826164     -0.656725     -0.458793     -0.671405     -0.602920     -0.711138     -0.753120     -0.745667     -0.662934     -0.669654     -0.730566    
 1892 -0.524815     -0.487885     -0.801357     -0.661640     -0.696476     -0.891769      -1.22370      -1.51345      -1.66990      -2.04565      -1.86645      -1.65294     -0.439962     -0.719824      -1.20964      -1.86067     -0.420783      -1.10949      -1.16967     -0.467902     -0.457521     -0.548406     -0.598523     -0.490698     -0.368932     -0.416156     -0.633196     -0.705777     -0.668451     -0.712375     -0.546104     -0.288506     -0.488240     -0.486051     -0.585043     -0.642310     -0.591022     -0.547202     -0.536220     -0.598266    
 1893  -1.52263      -1.44311      -1.55443      -1.43902      -1.19600      -1.17150      -1.38789      -1.62976      -1.55057      -1.86311      -1.59986      -1.50079      -1.53956      -1.39648      -1.39638      -1.67118      -1.68087      -1.39579      -1.48822      -1.52490     -0.285166     -0.443525     -0.588544     -0.482969     -0.359219     -0.440870     -0.694489     -0.803181     -0.787165     -0.867701     -0.756971     -0.496035     -0.339065     -0.476911     -0.646180     -0.803946     -0.477370     -0.594649     -0.583820     -0.512892    
 1894  -1.50735      -1.56179      -1.68538      -1.40133      -1.16285     -0.984871      -1.44037      -1.22715      -1.35901      -1.26655      -1.23806     -0.819586      -1.52331      -1.41652      -1.21746      -1.28787      -1.61971      -1.26260      -1.30452      -1.48630     -0.467363     -0.663437     -0.774603     -0.579407     -0.432799     -0.506020     -0.702383     -0.817917     -0.809028     -0.872985     -0.761639     -0.515861     -0.542278     -0.595603     -0.675440     -0.814551     -0.671018     -0.641259     -0.658620     -0.652431    
 1895 -0.826645      -1.08137     -0.957287     -0.639130      0.955944E-01 -0.231220     -0.242315     -0.293821      0.465088E-01  0.102703      0.133661      0.292885     -0.909200     -0.500274     -0.255785      0.942909E-01  -1.03158     -0.210730     -0.300036     -0.915899     -0.460807     -0.639804     -0.746732     -0.514624     -0.378883     -0.440871     -0.555793     -0.687300     -0.659463     -0.681830     -0.555563     -0.341551     -0.538824     -0.546746     -0.561321     -0.632285     -0.666304     -0.539489     -0.555268     -0.638461    
 1896  0.842476E-02  0.143452E-01  0.599823E-01  0.153641      0.155945E-01  0.395899      0.847994      0.791779      0.796568      0.917273       1.56722       1.59535      0.105218      0.764059E-01  0.678557       1.09369      0.102000      0.500246      0.597006      0.572924E-01 -0.289927     -0.439504     -0.619294     -0.429970     -0.331106     -0.411292     -0.519628     -0.662910     -0.623491     -0.653915     -0.520015     -0.333599     -0.356994     -0.460123     -0.531277     -0.599140     -0.487945     -0.496400     -0.486221     -0.500216    
 1897   1.41055      0.892626      0.263372     -0.196680     -0.307125     -0.396721     -0.352196     -0.591951     -0.480751     -0.778597      -1.36894     -0.737135       1.29951     -0.801443E-01 -0.446956     -0.876096       1.10773     -0.387571     -0.220296      0.681851     -0.266703     -0.413888     -0.585210     -0.398100     -0.318916     -0.374830     -0.439283     -0.544680     -0.480366     -0.495924     -0.360364     -0.186892     -0.338063     -0.434075     -0.452931     -0.445551     -0.462222     -0.426029     -0.405430     -0.472600    
 1898 -0.395336     -0.738365      -1.33623     -0.732859     -0.483345     -0.611910      -1.14572      -1.44430      -1.26163      -1.17771      -1.20634      -1.33183     -0.623612     -0.850811      -1.06731      -1.21523     -0.892434     -0.946627     -0.988798     -0.717301     -0.111176     -0.279834     -0.446171     -0.271007     -0.221603     -0.259804     -0.295655     -0.405041     -0.322333     -0.296090     -0.180435     -0.285911E-01 -0.192634     -0.312927     -0.320166     -0.266286     -0.313394     -0.295907     -0.259812     -0.341425    
 1899 -0.881895      -1.14663     -0.872238     -0.196959     -0.299696     -0.465340     -0.244576     -0.817013E-01  0.331287E-01  0.201822      0.873861       1.18102      -1.12012     -0.456298     -0.263872      0.369604      -1.10277     -0.209191     -0.158267     -0.952524      0.136452E-01 -0.171174     -0.350231     -0.181060     -0.151200     -0.199934     -0.220125     -0.366263     -0.279914     -0.231752     -0.105184      0.449910E-01 -0.620401E-01 -0.227497     -0.262107     -0.205617     -0.168813     -0.233083     -0.183183     -0.214008    
 1900   1.18391       1.14557      0.938063      0.747551      0.865885      0.556419      0.458645     -0.517216E-01 -0.154142     -0.390682E-01 -0.117990      0.338650E-01   1.17017      0.850500      0.321114     -0.103733      0.920708      0.403773      0.463916      0.616746      0.699806E-01 -0.100225     -0.276907     -0.881838E-01 -0.838265E-01 -0.119106     -0.107367     -0.254075     -0.173889     -0.142030      0.163179E-02  0.142628      0.491563E-02 -0.149639     -0.160182     -0.104762     -0.998494E-01 -0.137741     -0.942806E-01 -0.146376    
 1901  0.247744      0.190214     -0.256008     -0.197689     -0.569456     -0.772291     -0.864056     -0.846022     -0.826271     -0.913227     -0.618340     -0.486465      0.157274     -0.341051     -0.827456     -0.785946      0.979280E-02 -0.679298     -0.492656     -0.102325      0.176214     -0.274940E-02 -0.196078     -0.401028E-01 -0.726910E-01 -0.126097     -0.138844     -0.293114     -0.211070     -0.192080     -0.965272E-01  0.311405E-01  0.105364     -0.102957     -0.186018     -0.166559     -0.339732E-02 -0.146986     -0.968333E-01 -0.662170E-01
 1902 -0.242796     -0.332855     -0.102537      0.504591      0.400955      0.758240       1.17900       1.36915       1.57491       1.76009       1.80875       1.46047     -0.354039      0.267670       1.10213       1.71458     -0.449370      0.964474      0.844831     -0.297399      0.786830E-01 -0.101672     -0.267378     -0.975123E-01 -0.113090     -0.190771     -0.240943     -0.381786     -0.305158     -0.254329     -0.182845     -0.983225E-01  0.271727E-02 -0.159327     -0.271167     -0.247444     -0.913055E-01 -0.221543     -0.179594     -0.132686    
 1903   1.30589       1.08293      0.527533     -0.633888E-01 -0.347166     -0.520981     -0.918026      -1.71958      -1.63472      -1.67217      -1.67648      -1.44818       1.28310      0.389927E-01  -1.05286      -1.66112       1.32428     -0.867310     -0.590362      0.928099     -0.436160E-01 -0.186952     -0.299772     -0.151258     -0.151425     -0.209161     -0.233022     -0.341412     -0.300594     -0.242738     -0.150887     -0.107930     -0.109630     -0.200819     -0.261198     -0.231406     -0.177640     -0.231145     -0.201564     -0.208797    
 1904  -1.83944      -1.91463      -1.84854     -0.978020     -0.603636     -0.437990     -0.399635     -0.361771     -0.426481     -0.170727      0.343571      0.599445      -1.73408      -1.14340     -0.399799     -0.845457E-01  -1.73324     -0.534589     -0.669821      -1.39095     -0.823578E-01 -0.184903     -0.269924     -0.214635     -0.210627     -0.252322     -0.260773     -0.377651     -0.391913     -0.359792     -0.290086     -0.271705     -0.125064     -0.231729     -0.296915     -0.347263     -0.173123     -0.284653     -0.263891     -0.215946    
 1905  0.632154      0.690466      0.672361      0.795080      0.883854      0.838459      0.972124       1.08456       1.23449      0.801332      0.688351      0.826595      0.640688      0.783765      0.965048      0.908058      0.461212      0.968095      0.843319      0.341398     -0.280606     -0.360322     -0.435827     -0.365731     -0.346826     -0.368057     -0.399321     -0.510313     -0.562841     -0.540761     -0.483984     -0.491005     -0.304211     -0.382795     -0.425897     -0.529195     -0.333057     -0.425515     -0.428799     -0.342441    
 1906  0.674284      0.192015      0.469017E-01 -0.318949     -0.549955     -0.813601     -0.995987      -1.36739      -1.13504     -0.782358     -0.950649      -1.16811      0.564298     -0.274001      -1.05899     -0.956016      0.538246     -0.863487     -0.597403      0.403179     -0.514800     -0.592192     -0.642634     -0.513226     -0.460369     -0.428798     -0.443717     -0.538902     -0.607915     -0.536915     -0.476760     -0.487525     -0.532666     -0.538743     -0.470472     -0.540530     -0.544229     -0.498821     -0.520313     -0.511687    
 1907  -1.20592      -1.26349      -1.14954     -0.872280     -0.549555     -0.480700     -0.550205     -0.206221     -0.430891     -0.323957     -0.577429     -0.562935      -1.21251     -0.857125     -0.412375     -0.444092      -1.08668     -0.514975     -0.681094     -0.993418     -0.531459     -0.607502     -0.645639     -0.555987     -0.478952     -0.462797     -0.480388     -0.578106     -0.703073     -0.595574     -0.551824     -0.532204     -0.542162     -0.560193     -0.507097     -0.616824     -0.547633     -0.543217     -0.560292     -0.531172    
 1908 -0.224846     -0.287865     -0.571207      -1.13218      -1.00762     -0.895731     -0.789286      -1.02255      -1.22022      -1.40053      -1.35868      -1.69818     -0.358549     -0.903669     -0.902522      -1.32648     -0.424707      -1.01126     -0.967408     -0.564257     -0.566909     -0.634495     -0.660521     -0.575157     -0.476359     -0.505473     -0.528642     -0.592539     -0.770682     -0.669308     -0.600908     -0.539579     -0.577869     -0.570679     -0.542218     -0.680299     -0.590255     -0.574809     -0.593381     -0.571674    
 1909  -1.82722      -1.55614      -1.04030      -1.06517     -0.959465      -1.04474      -1.15604      -1.22823      -1.83465      -1.91644      -1.75778      -1.72814      -1.69385      -1.02165      -1.14300      -1.83629      -1.48018      -1.21472      -1.42619      -1.24854     -0.528551     -0.602995     -0.611390     -0.541306     -0.414087     -0.464426     -0.449481     -0.475758     -0.640930     -0.537677     -0.478443     -0.395016     -0.557042     -0.522261     -0.463221     -0.552350     -0.592122     -0.497665     -0.511672     -0.572034    
 1910  -1.83574      -1.95330      -2.21194      -1.40616      -1.19831      -1.17888      -1.40085      -1.55843      -1.70494      -1.54017      -1.36431      -1.44296      -1.83906      -1.60547      -1.37939      -1.53647      -1.90056      -1.40793      -1.56633      -1.61713     -0.362499     -0.471930     -0.522917     -0.498471     -0.369421     -0.466349     -0.469169     -0.522497     -0.680221     -0.576320     -0.565037     -0.479540     -0.409815     -0.463603     -0.486005     -0.607193     -0.461414     -0.501021     -0.498697     -0.472408    
 1911  -1.41648      -1.34831      -1.24213     -0.993879     -0.776125     -0.251831      0.107525      0.889091E-01 -0.176941      0.664783      0.772461       1.05996      -1.40258      -1.00404     -0.184656E-01  0.420101      -1.39239     -0.333724     -0.292672      -1.25337     -0.408925     -0.520508     -0.577984     -0.565827     -0.388692     -0.518881     -0.527444     -0.609360     -0.811695     -0.759039     -0.765876     -0.661106     -0.469658     -0.510834     -0.551895     -0.778870     -0.521386     -0.570317     -0.592945     -0.522800    
 1912   1.08825      0.899466      0.823483      0.445560      0.235966     -0.442200     -0.526007     -0.349861     -0.977592     -0.991096      -1.08334     -0.979546       1.01589      0.501670     -0.439356      -1.01734      0.884734     -0.269022     -0.154743      0.463935     -0.556885     -0.622215     -0.643141     -0.639857     -0.428457     -0.588866     -0.570999     -0.689165     -0.893640     -0.934817     -0.931082     -0.772567     -0.613402     -0.570485     -0.616343     -0.919846     -0.668044     -0.635164     -0.689308     -0.634495    
 1913 -0.734156     -0.689255     -0.696138     -0.387749     -0.130316     -0.174061     -0.178085     -0.289242     -0.434391     -0.395668      0.233931      0.844336     -0.800986     -0.404734     -0.213796     -0.198709     -0.862255     -0.265641     -0.252566     -0.643260     -0.674665     -0.689051     -0.705603     -0.644971     -0.413285     -0.581558     -0.588841     -0.723654     -0.885336     -0.913322     -0.853896     -0.651276     -0.712094     -0.587953     -0.631351     -0.884185     -0.784631     -0.639608     -0.693788     -0.708450    
 1914  0.967764      0.487555      0.357761      0.233517E-01  0.424955      0.360489E-01  0.443644      0.543520      0.968229       1.18540      0.882460       1.19819      0.766552      0.268689      0.341071       1.01203      0.415946      0.406625      0.626573      0.173193     -0.561468     -0.598436     -0.646153     -0.631786     -0.352396     -0.521531     -0.539759     -0.680348     -0.745816     -0.687445     -0.615288     -0.364628     -0.603726     -0.543445     -0.580546     -0.682850     -0.704092     -0.578606     -0.578755     -0.660675    
 1915   1.14599      0.909586      0.235512      0.650412      0.748585      0.325960     -0.264915     -0.755501     -0.946032      -1.32766      -1.58242      -1.46263       1.08459      0.544836     -0.231485      -1.28537      0.926190     -0.402485E-01 -0.193593      0.769791     -0.292973     -0.357921     -0.436390     -0.569630     -0.298306     -0.457311     -0.444736     -0.612942     -0.615180     -0.544727     -0.487458     -0.207498     -0.338507     -0.434775     -0.504996     -0.549122     -0.459107     -0.499684     -0.443756     -0.503818    
 1916 -0.768076     -0.998665     -0.617588      -1.52141     -0.800106      -1.35176     -0.924465      -1.26460      -1.58401      -2.30774      -2.69666      -2.51020      -1.07646     -0.979701      -1.18027      -2.19614      -1.12617      -1.24106      -1.44544      -1.03306     -0.145341     -0.250268     -0.379387     -0.562265     -0.269795     -0.443775     -0.400049     -0.548215     -0.553698     -0.512261     -0.442405     -0.207455     -0.201036     -0.403816     -0.464013     -0.502788     -0.335780     -0.462966     -0.392909     -0.413614    
 1917  -2.72275      -2.10695      -1.78819      -1.15041      -1.09472      -1.34224      -1.49281      -1.90511      -1.62082      -2.31415      -2.13553      -1.45006      -2.44663      -1.34444      -1.58005      -2.02350      -2.35542      -1.43435      -1.76031      -1.79108     -0.159978     -0.361509     -0.505495     -0.690116     -0.318363     -0.511709     -0.473894     -0.624807     -0.589907     -0.548276     -0.436892     -0.250038     -0.242981     -0.504658     -0.536803     -0.525025     -0.364850     -0.534799     -0.455915     -0.434271    
 1918  -1.06361     -0.781124      -1.18180     -0.956329     -0.159006      0.111969     -0.203535     -0.134411E-01  0.135788       1.01958       1.74313       1.61477      -1.09826     -0.765712     -0.350024E-01  0.966166      -1.48771     -0.180759      0.221993E-01  -1.24570     -0.232978     -0.487813     -0.556899     -0.773765     -0.365216     -0.537901     -0.522198     -0.682746     -0.603654     -0.539812     -0.420758     -0.273490     -0.323609     -0.565293     -0.580948     -0.521408     -0.418816     -0.580913     -0.499769     -0.489865    
 1919   1.27548      0.749414      0.759293     -0.977329     -0.590296     -0.851900     -0.760145      -1.37122     -0.400261      0.180992     -0.874290E-01  0.691864       1.21322     -0.269444     -0.994422     -0.102233       1.19361     -0.825192     -0.115128      0.388413     -0.282930     -0.536663     -0.558692     -0.798099     -0.418576     -0.592440     -0.621673     -0.779527     -0.716824     -0.654393     -0.551589     -0.447237     -0.364361     -0.591789     -0.664547     -0.640935     -0.435391     -0.654523     -0.579887     -0.519171    
 1920  0.431454      0.551445      0.183743     -0.250879     -0.485685     -0.873203E-01  0.103724     -0.673103E-01 -0.526592     -0.783257     -0.478060     -0.720366      0.558254     -0.184274     -0.169689E-01 -0.595970      0.325345     -0.219010     -0.177425     -0.116953     -0.456975     -0.687195     -0.623774     -0.885330     -0.538540     -0.699532     -0.718238     -0.850604     -0.804365     -0.718878     -0.569277     -0.473031     -0.530469     -0.682548     -0.756124     -0.697507     -0.570194     -0.749435     -0.668812     -0.638549    
 1921 -0.731035      -1.69999      -2.49776      -2.00185     -0.918526      -1.07267     -0.503317     -0.107681     -0.125662      0.557203      0.787281      0.338224      -1.05046      -1.80605     -0.561223      0.406274      -1.15174     -0.788284     -0.664649     -0.949474     -0.507018     -0.731211     -0.597565     -0.845497     -0.555508     -0.684408     -0.686073     -0.781280     -0.724221     -0.586933     -0.377155     -0.267239     -0.570420     -0.666190     -0.717254     -0.562770     -0.599497     -0.712831     -0.612009     -0.671300    
 1922  0.110065     -0.973675     -0.443048      -1.10350     -0.593006     -0.980040      -1.39206      -1.68510      -1.75305      -1.60383     -0.987900      -1.10946     -0.175129     -0.713185      -1.35240      -1.44826      0.626750E-01  -1.25113      -1.04288     -0.253096     -0.316873     -0.572295     -0.467136     -0.729722     -0.490373     -0.579279     -0.609113     -0.683236     -0.630636     -0.431829     -0.217300     -0.134057     -0.385469     -0.562411     -0.623876     -0.426588     -0.431272     -0.620393     -0.488487     -0.548215    
 1923  -1.21596      -1.34220     -0.457687     -0.511669     -0.238396     -0.160049     -0.278107     -0.112791      0.661392E-01  0.386353      0.461170      0.505196      -1.22254     -0.402584     -0.183649      0.304554      -1.11951     -0.205812     -0.241500      -1.03811     -0.173992     -0.476929     -0.379452     -0.702313     -0.494440     -0.580246     -0.575434     -0.641695     -0.602735     -0.406069     -0.243331     -0.182483     -0.261659     -0.525401     -0.599125     -0.417378     -0.302260     -0.599477     -0.454927     -0.459462    
 1924  0.450525      0.163506      0.834427E-01 -0.339399     -0.534155      -1.06875      -1.44584      -1.56856      -1.79570      -1.88824      -1.96141      -1.93760      0.373076     -0.263370      -1.36105      -1.88178      0.341699      -1.12540     -0.986848     -0.180725E-01 -0.226746     -0.531881     -0.416442     -0.669380     -0.510982     -0.604528     -0.567406     -0.618824     -0.635107     -0.515605     -0.367845     -0.326213     -0.313703     -0.532268     -0.596919     -0.506186     -0.334492     -0.601038     -0.499247     -0.467642    
 1925  -1.81767      -1.77700     -0.791798     -0.731459     -0.691595     -0.711071     -0.306736     -0.649509E-01  0.670586E-01  0.456272      0.907690       1.15727      -1.84409     -0.738284     -0.360919      0.477007      -1.69562     -0.406459     -0.358666      -1.42650     -0.345890     -0.633258     -0.497575     -0.648081     -0.489652     -0.565762     -0.540023     -0.553708     -0.572960     -0.450842     -0.295670     -0.274256     -0.435120     -0.545102     -0.553164     -0.439824     -0.447731     -0.561698     -0.488973     -0.517601    
 1926   1.19472      0.807594      0.933903      0.657110      0.300714     -0.122604E-01 -0.239346     -0.568670     -0.994211      -1.45277      -1.34433      -1.01425       1.05319      0.630576     -0.273425      -1.26377      0.909575     -0.142777     -0.144316      0.508199     -0.271912     -0.520448     -0.358939     -0.521442     -0.406120     -0.487747     -0.511294     -0.549626     -0.562873     -0.458683     -0.317172     -0.256692     -0.355539     -0.428834     -0.516222     -0.446243     -0.362011     -0.506517     -0.435246     -0.437839    
 1927 -0.882645     -0.734884     -0.731117      -1.01343     -0.892845     -0.579151     -0.638716     -0.640171     -0.338921     -0.670280E-01 -0.290751     -0.282375     -0.877260     -0.879131     -0.619346     -0.232233      -1.02667     -0.683872     -0.591003     -0.870637     -0.241919     -0.380151     -0.207585     -0.356050     -0.319381     -0.392322     -0.436154     -0.511116     -0.562260     -0.508546     -0.399694     -0.316187     -0.292921     -0.294339     -0.446531     -0.490167     -0.310367     -0.429547     -0.385947     -0.379479    
 1928 -0.461063E-01 -0.245874     -0.485178     -0.545118     -0.442215     -0.670460     -0.384056     -0.447552     -0.588081     -0.712357     -0.622280     -0.521444     -0.191452     -0.490837     -0.500689     -0.640906     -0.236219     -0.512914     -0.475893     -0.391076     -0.286413     -0.357001     -0.230702     -0.330025     -0.332296     -0.411451     -0.444767     -0.539940     -0.607138     -0.581724     -0.506934     -0.425432     -0.319867     -0.297674     -0.465386     -0.565265     -0.349757     -0.444269     -0.421152     -0.390154    
 1929 -0.797085     -0.884886     -0.677128     -0.729889     -0.637926     -0.555111     -0.419065     -0.479681     -0.323841     -0.277788     -0.212290     -0.465050E-01 -0.734472     -0.681648     -0.484619     -0.271306     -0.702530     -0.524252     -0.503433     -0.629816     -0.370782     -0.412473     -0.325690     -0.391965     -0.381188     -0.442558     -0.459145     -0.573304     -0.657149     -0.640786     -0.566709     -0.480497     -0.402896     -0.366281     -0.491669     -0.621548     -0.437173     -0.484218     -0.475187     -0.452549    
 1930  0.121124      0.158224     -0.249863E-02 -0.723286E-01 -0.114555E-01  0.391199      0.310293      0.343470      0.639929      0.970793       1.09030       1.05714      0.776143E-01 -0.287609E-01  0.348321      0.900341     -0.432889E-01  0.266851      0.416349     -0.979088E-01 -0.415875     -0.429309     -0.388566     -0.444074     -0.395420     -0.412748     -0.423719     -0.545152     -0.636498     -0.620949     -0.570349     -0.501505     -0.441894     -0.409353     -0.460540     -0.609266     -0.486957     -0.476269     -0.482014     -0.488632    
 1931   1.05886      0.949415      0.461193      0.352371      0.277885      0.910950E-02 -0.135296     -0.436821      -1.09044      -1.35367      -1.21112      -1.08800       1.02180      0.363816     -0.187669      -1.21841      0.931283     -0.170532     -0.183876      0.626730     -0.452776     -0.443407     -0.460694     -0.509572     -0.437017     -0.440530     -0.465061     -0.573973     -0.639271     -0.621686     -0.614491     -0.584828     -0.465896     -0.469094     -0.493188     -0.625150     -0.508280     -0.510904     -0.520276     -0.503514    
 1932  -1.07998     -0.817135     -0.374918     -0.149870     -0.546455E-01 -0.153320     -0.257277     -0.585772     -0.776022     -0.690228     -0.639929     -0.873135     -0.995038     -0.193145     -0.332123     -0.702060     -0.987471     -0.329484     -0.537686     -0.662101     -0.552377     -0.503985     -0.526131     -0.547824     -0.459121     -0.462065     -0.486428     -0.565917     -0.615245     -0.594199     -0.595929     -0.596658     -0.547063     -0.511025     -0.504804     -0.601791     -0.567250     -0.522767     -0.542157     -0.545901    
 1933 -0.915785      -1.03575     -0.988157     -0.944799      -1.03504      -1.36935      -1.58515      -1.78860      -1.80844      -1.99081      -2.03161      -1.91603     -0.941557     -0.989332      -1.58103      -1.94362     -0.857164      -1.42190      -1.45079     -0.842604     -0.613151     -0.549231     -0.546079     -0.573077     -0.482760     -0.506759     -0.569414     -0.635334     -0.663003     -0.638975     -0.642046     -0.663393     -0.586347     -0.533972     -0.570502     -0.648008     -0.582541     -0.571725     -0.590269     -0.560453    
 1934  -1.53704      -1.25237      -1.28584      -1.14508     -0.715364     -0.481581     -0.426355     -0.560020     -0.921352     -0.692307     -0.664129     -0.617685      -1.56848      -1.04876     -0.489319     -0.759263      -1.66895     -0.708292     -0.858260      -1.46149     -0.713694     -0.640613     -0.579621     -0.601842     -0.496366     -0.542704     -0.638181     -0.693248     -0.717866     -0.677643     -0.708073     -0.723373     -0.672567     -0.559276     -0.624711     -0.701194     -0.646390     -0.615034     -0.644435     -0.615584    
 1935 -0.731945     -0.697855     -0.680048     -0.967949     -0.795025     -0.702030     -0.617716     -0.510450     -0.394262     -0.342928     -0.462400     -0.582796     -0.682495     -0.814341     -0.610065     -0.399863     -0.680662     -0.664572     -0.623784     -0.704725     -0.732236     -0.652955     -0.534291     -0.573612     -0.451729     -0.531924     -0.618459     -0.645378     -0.721071     -0.714356     -0.722680     -0.689202     -0.702855     -0.519877     -0.598587     -0.719369     -0.671429     -0.590362     -0.632324     -0.636261    
 1936 -0.629036     -0.553514     -0.620407     -0.416368     -0.427786     -0.576950     -0.755196     -0.699591     -0.588352     -0.668308     -0.857080     -0.940655     -0.588449     -0.488187     -0.677246     -0.704580     -0.531847     -0.577374     -0.644437     -0.511218     -0.663605     -0.576446     -0.442667     -0.531544     -0.399548     -0.507617     -0.586717     -0.580464     -0.651280     -0.647787     -0.603357     -0.540944     -0.643084     -0.457920     -0.558266     -0.634141     -0.634826     -0.542862     -0.560998     -0.602714    
 1937  -1.05090     -0.585316     -0.485548     -0.704988     -0.606424     -0.445160     -0.550217     -0.348141     -0.264261     -0.301737     -0.406750     -0.592556     -0.858957     -0.598987     -0.447839     -0.324249     -0.764634     -0.486532     -0.528500     -0.698960     -0.547302     -0.478329     -0.369442     -0.488716     -0.374264     -0.501198     -0.612945     -0.597683     -0.650785     -0.623517     -0.570948     -0.497158     -0.522192     -0.410808     -0.570609     -0.615083     -0.531193     -0.537599     -0.526024     -0.530817    
 1938  -1.09334      -1.30037      -1.12969      -1.35863      -1.20143      -1.69833      -2.13227      -2.12792      -1.61790      -1.37318      -1.42863      -1.54597     -0.995422      -1.22992      -1.98617      -1.47324     -0.804074      -1.68941      -1.50064     -0.853788     -0.535757     -0.487518     -0.368420     -0.479580     -0.361537     -0.473281     -0.606740     -0.582910     -0.666149     -0.646157     -0.583697     -0.497866     -0.506811     -0.403179     -0.554310     -0.632001     -0.513886     -0.528366     -0.524134     -0.521594    
 1939  -1.76071      -1.65803     -0.703457     -0.491659     -0.150816     -0.246140     -0.461864E-01  0.424099E-01 -0.391281     -0.390327     -0.726469     -0.221575      -1.65490     -0.448644     -0.833055E-01 -0.502692      -1.41166     -0.213945     -0.562020      -1.26972     -0.557343     -0.495896     -0.320233     -0.415158     -0.307241     -0.406389     -0.522926     -0.496991     -0.603588     -0.626597     -0.537811     -0.451152     -0.517035     -0.347544     -0.475435     -0.589332     -0.516865     -0.458715     -0.478444     -0.507148    
 1940  0.713915      0.684525      0.930422      0.254030      0.394175      0.297831      0.331863      0.778780      0.643269      0.349083       1.31234       1.91563      0.392288      0.526209      0.469491      0.768231      0.165082      0.449991      0.717155      0.128456     -0.521021     -0.460032     -0.264999     -0.346067     -0.251125     -0.415391     -0.518994     -0.506753     -0.609176     -0.742364     -0.549218     -0.450694     -0.477402     -0.287397     -0.480379     -0.633586     -0.476935     -0.441251     -0.469653     -0.458142    
 1941   1.83868       1.95329       1.36075      0.867380      0.915865      0.588619      0.477964      0.426140      0.302038      0.599422      0.953300       1.01867       1.90253       1.04800      0.497574      0.618253       1.45496      0.596334      0.941843       1.07130     -0.512953     -0.511044     -0.301423     -0.356537     -0.221006     -0.464396     -0.567776     -0.592265     -0.679497     -0.837006     -0.538307     -0.371342     -0.491563     -0.292989     -0.541479     -0.684936     -0.511283     -0.480246     -0.496129     -0.478713    
 1942  0.466265      0.141325      0.190033      0.191671     -0.186954     -0.604450      -1.39510      -1.79311      -2.15859      -2.15792      -2.15618      -2.10410      0.542087      0.649167E-01  -1.26422      -2.15756      0.561503     -0.991089     -0.963926      0.331285     -0.456545     -0.528368     -0.300747     -0.339297     -0.173072     -0.476816     -0.598574     -0.679669     -0.756007     -0.916017     -0.604326     -0.286682     -0.452085     -0.271039     -0.585020     -0.758783     -0.505386     -0.503906     -0.509677     -0.488420    
 1943  -2.23114      -2.17797      -1.53268      -1.10362     -0.648174     -0.359890     -0.323215     -0.285801     -0.733152     -0.975918     -0.770330     -0.699224      -2.17107      -1.09482     -0.322969     -0.826467      -2.06000     -0.575642     -0.986760      -1.65154     -0.350877     -0.426981     -0.268445     -0.242823     -0.620971E-01 -0.413831     -0.548197     -0.658408     -0.764675     -0.991392     -0.683639     -0.224591     -0.354847     -0.191122     -0.540145     -0.813235     -0.475555     -0.448339     -0.469663     -0.467194    
 1944 -0.653395     -0.277725      0.222422      0.302191     -0.163250E-01 -0.153191     -0.120258E-01 -0.344431     -0.745422      -1.31600      -1.00770     -0.900196     -0.543448      0.169429     -0.169883      -1.02304     -0.525695     -0.161534     -0.408483     -0.363639     -0.227935     -0.301968     -0.241003     -0.164217     -0.286544E-01 -0.409134     -0.549411     -0.661030     -0.777711      -1.03863     -0.736066     -0.273473     -0.251498     -0.144625     -0.539859     -0.850802     -0.445088     -0.431693     -0.450769     -0.436985    
 1945 -0.889156     -0.955215      -1.08362      -1.03340     -0.371735      -1.21046     -0.953396     -0.921282     -0.681952      -2.03458     -0.346970     -0.291124     -0.914856     -0.829585      -1.02838      -1.02117      -1.02531     -0.862038     -0.897741     -0.822447     -0.305942     -0.375900     -0.343847     -0.241946     -0.168406     -0.527674     -0.661051     -0.793832     -0.884169      -1.14598     -0.903825     -0.524054     -0.318438     -0.251400     -0.660853     -0.977991     -0.512310     -0.546180     -0.573052     -0.500003    
 1946 -0.310455      -1.31639     -0.945309     -0.560329     -0.248695      -1.04863      -1.39516      -1.99900      -1.70709     -0.869497     -0.754271      0.354704     -0.639323     -0.584778      -1.48093      -1.11029     -0.874138      -1.15982     -0.900010     -0.804926     -0.599291     -0.643589     -0.543540     -0.375861     -0.309891     -0.621680     -0.725391     -0.892292     -0.955646      -1.21594      -1.04366     -0.717016     -0.588978     -0.409764     -0.746454      -1.07175     -0.726713     -0.646794     -0.720316     -0.667230    
 1947 -0.241325     -0.168915     -0.147139     -0.216228      0.173155     -0.221880     -0.526217     -0.796810     -0.675711      -1.68076      -1.82996     -0.194715     -0.185120E-01 -0.634040E-01 -0.514969      -1.39548     -0.304407     -0.377282     -0.543875     -0.599387     -0.774290     -0.799860     -0.640821     -0.430362     -0.341675     -0.634477     -0.691176     -0.841374     -0.856149      -1.13214     -0.987690     -0.662871     -0.763722     -0.470953     -0.722343     -0.991994     -0.865264     -0.632536     -0.732741     -0.764286    
 1948  0.210445      0.310955     -0.822058      0.820999E-01  0.238495     -0.661900      -1.14872      -1.25404      -1.37982      -1.50166      -1.59168     -0.701996      0.108895     -0.167154      -1.02155      -1.49105     -0.667682     -0.687314     -0.684990     -0.528845     -0.670649     -0.685181     -0.559877     -0.363746     -0.277178     -0.580300     -0.625156     -0.758879     -0.715844     -0.986145     -0.864188     -0.518128     -0.672900     -0.400267     -0.654778     -0.855393     -0.783068     -0.553517     -0.633773     -0.692361    
 1949 -0.605665     -0.769085     -0.462248     -0.360279     -0.921885      -1.18864      -1.05402     -0.883911     -0.890072      -1.20662      -1.61194      -2.04318     -0.692249     -0.581471      -1.04219      -1.23621     -0.938722     -0.883135     -0.999795     -0.990477     -0.495674     -0.535326     -0.494189     -0.360558     -0.254913     -0.567964     -0.649197     -0.792487     -0.708236     -0.933639     -0.815424     -0.480817     -0.516376     -0.369886     -0.669883     -0.819100     -0.648942     -0.555559     -0.590702     -0.598080    
 1950  -2.00126      -1.68306      -1.36767      -1.43193      -1.62979      -1.13047     -0.893106     -0.950932     -0.987112     -0.981607      -1.15738      -1.27439      -1.90917      -1.47646     -0.991503      -1.04203      -1.65229      -1.17056      -1.29073      -1.41116     -0.444148     -0.506177     -0.518458     -0.432629     -0.327763     -0.591730     -0.705840     -0.865886     -0.789530     -0.951284     -0.919257     -0.585805     -0.477047     -0.426283     -0.721152     -0.886690     -0.616444     -0.618896     -0.636542     -0.600059    
 1951  -1.31313      -1.03292     -0.335018     -0.124960      0.110134      0.136810      0.416134      0.186649      0.502878      0.530993      0.626320      0.349455      -1.20681     -0.116615      0.246531      0.553397      -1.01574      0.204608      0.444541E-02 -0.733634     -0.491607     -0.488385     -0.506682     -0.451474     -0.388482     -0.570174     -0.687406     -0.843799     -0.791894     -0.965425      -1.03636     -0.731439     -0.521932     -0.448879     -0.700460     -0.931227     -0.657170     -0.622205     -0.662761     -0.642867    
 1952  0.118095      0.213432E-02 -0.598183E-01  0.939999E-01 -0.169144E-01 -0.408590     -0.648975     -0.535261     -0.369482     -0.413637     -0.709789     -0.351986      0.156561      0.575573E-02 -0.530942     -0.497636      0.261197     -0.314204     -0.275019      0.195111     -0.550362     -0.473408     -0.479844     -0.429627     -0.381759     -0.507284     -0.589414     -0.718754     -0.686977     -0.847080     -0.910939     -0.715339     -0.585070     -0.430410     -0.605151     -0.814999     -0.706140     -0.552303     -0.607566     -0.656551    
 1953  0.189854      0.254795      0.336052      0.326370      0.471735      0.527800      0.251074      0.106249      0.283829      0.199753      0.253300      0.443525      0.308877E-01  0.378052      0.295041      0.245627     -0.115785      0.327843      0.303695     -0.768770E-01 -0.485814     -0.415862     -0.368646     -0.368556     -0.340462     -0.404828     -0.449273     -0.572576     -0.565108     -0.662173     -0.683893     -0.600977     -0.539005     -0.359221     -0.475559     -0.637058     -0.623947     -0.450134     -0.493181     -0.571056    
 1954  0.425114      0.286606     -0.332539      -1.06403     -0.690926     -0.794161      -1.06715      -1.40864      -1.61024      -1.44155      -1.05604      -1.29674      0.385082     -0.695832      -1.08998      -1.36928      0.212627      -1.10586     -0.837525     -0.526838E-01 -0.351233     -0.296035     -0.240972     -0.317865     -0.286953     -0.303451     -0.369224     -0.502180     -0.508244     -0.559757     -0.546599     -0.479976     -0.416082     -0.281930     -0.391618     -0.538200     -0.472547     -0.381320     -0.396874     -0.444209    
 1955 -0.937145     -0.936556      -1.01404      -1.10861      -1.15414      -1.04481      -1.03112      -1.32504      -1.44301      -2.26193      -2.37528      -1.99432      -1.05681      -1.09226      -1.13366      -2.02674      -1.11368      -1.18446      -1.38550      -1.17297     -0.209107     -0.174162     -0.150172     -0.230938     -0.171381     -0.216091     -0.323807     -0.454323     -0.469152     -0.494503     -0.455935     -0.349962     -0.287748     -0.184164     -0.331407     -0.473197     -0.353295     -0.310949     -0.308294     -0.343153    
 1956  -1.21165     -0.979225     -0.779367     -0.862009     -0.680666     -0.783161     -0.948767      -1.15350     -0.993301     -0.924967      -1.06806     -0.854786      -1.39506     -0.774014     -0.961809     -0.995443      -1.60030     -0.903567     -0.936622      -1.31056     -0.735047E-01 -0.703002E-01 -0.926054E-01 -0.181733     -0.104745     -0.180389     -0.329422     -0.455068     -0.506717     -0.542597     -0.475888     -0.350044     -0.164589     -0.126361     -0.321626     -0.508401     -0.256135     -0.293012     -0.280251     -0.270913    
 1957 -0.515226     -0.206535      0.223673      0.522381      0.739574      0.770439      0.987234      0.858589      0.708828      0.741602      0.992270       1.33676     -0.525516      0.495209      0.872087      0.814233     -0.557650      0.764507      0.596632     -0.367423     -0.592329E-01 -0.558364E-01 -0.109575     -0.226696     -0.150526     -0.188659     -0.353221     -0.495242     -0.600194     -0.631975     -0.543304     -0.423842     -0.155038     -0.162266     -0.345707     -0.591824     -0.265529     -0.335756     -0.319859     -0.287522    
 1958   1.77530       1.49950       1.03108      0.564920      0.498024      0.394909      0.140654      0.141087E-01 -0.326971     -0.225868      0.127010      0.537739E-01   1.53719      0.698008      0.183224     -0.141943       1.22942      0.214274      0.462203      0.949085     -0.143442     -0.122329     -0.147890     -0.273071     -0.220414     -0.218970     -0.323995     -0.466938     -0.601861     -0.622423     -0.522073     -0.419964     -0.229871     -0.213792     -0.336634     -0.582119     -0.335464     -0.350875     -0.340281     -0.347825    
 1959  0.521095      0.438906      0.238111      0.170712     -0.111235     -0.217920     -0.742407     -0.744141     -0.805651     -0.434088     -0.584749     -0.378925      0.337925      0.991960E-01 -0.568156     -0.608163      0.192171     -0.408440     -0.220858      0.685314E-01 -0.174058     -0.155632     -0.161556     -0.270478     -0.268055     -0.254718     -0.295240     -0.431581     -0.572286     -0.591392     -0.508266     -0.391132     -0.249885     -0.233363     -0.327179     -0.557315     -0.342618     -0.348726     -0.339533     -0.353479    
 1960 -0.285496     -0.453585     -0.252028     -0.224379     -0.129005     -0.353981     -0.296396     -0.133560     -0.289692     -0.449068     -0.371279     -0.338366     -0.372669     -0.201804     -0.261312     -0.370013     -0.398145     -0.237835     -0.298070     -0.449036     -0.153917     -0.130976     -0.119447     -0.216257     -0.216332     -0.188108     -0.196311     -0.299910     -0.425740     -0.396853     -0.330583     -0.223646     -0.225342     -0.184012     -0.228110     -0.384392     -0.315855     -0.257110     -0.241507     -0.317911    
 1961 -0.316845     -0.185165     -0.299337     -0.348400     -0.579243E-01  0.743599E-01 -0.292875     -0.645611     -0.945841     -0.963427     -0.558849     -0.588215     -0.280125     -0.235220     -0.288042     -0.822706     -0.326677     -0.369382     -0.427344     -0.250973     -0.354774E-01 -0.222878E-01  0.476403E-02 -0.111382     -0.128377     -0.692073E-01 -0.536163E-01 -0.136543     -0.262392     -0.185494     -0.103755     -0.382148E-01 -0.938037E-01 -0.783316E-01 -0.864556E-01 -0.183881     -0.167347     -0.126920     -0.951653E-01 -0.186251    
 1962 -0.592756     -0.556345     -0.434887     -0.581829     -0.764475     -0.511539     -0.415936     -0.506491     -0.790302     -0.706778     -0.872931     -0.890276     -0.579105     -0.593730     -0.477989     -0.790004     -0.615746     -0.595095     -0.635379     -0.619721      0.729782E-01  0.458333E-01  0.448809E-01 -0.120367     -0.167492     -0.722323E-01 -0.585876E-01 -0.159073     -0.314194     -0.233929     -0.147161     -0.119692      0.268655E-01 -0.809929E-01 -0.966311E-01 -0.231761     -0.272953E-01 -0.148658     -0.102420     -0.813679E-01
 1963 -0.783485     -0.516584     -0.551872E-01  0.746899E-01 -0.178465      0.245304E-01  0.602545      0.643559      0.671318      0.683933      0.841051       1.05938     -0.730115     -0.529874E-01  0.423545      0.732101     -0.637540      0.306363      0.255607     -0.468101     -0.668150E-01 -0.103134     -0.995716E-01 -0.254091     -0.283746     -0.122425     -0.105662     -0.213643     -0.376773     -0.290779     -0.201670     -0.184574     -0.965468E-01 -0.212469     -0.147243     -0.289740     -0.128384     -0.226056     -0.191907     -0.163535    
 1964  0.786144      0.391926     -0.214619     -0.760479     -0.993555      -1.00585     -0.843515      -1.23880      -1.40623      -1.30510      -1.36765      -1.33595      0.745817     -0.656218      -1.02939      -1.35966      0.591303      -1.04140     -0.774473      0.225446     -0.177567     -0.197047     -0.178695     -0.300415     -0.310471     -0.112108     -0.606615E-01 -0.159200     -0.299085     -0.220526     -0.126131     -0.112341     -0.186396     -0.263194     -0.110656     -0.215248     -0.205055     -0.206990     -0.187854     -0.220784    
 1965 -0.895355     -0.548756     -0.289768     -0.327749      0.182945      0.499069      0.723824       1.13854       1.28389       1.49240       1.49000       1.39461     -0.926687     -0.144857      0.787144       1.42210     -0.957097      0.583420      0.511971     -0.739738     -0.128463     -0.130083     -0.153446     -0.275096     -0.283671     -0.106369     -0.622075E-01 -0.168025     -0.277201     -0.196819     -0.107164     -0.120313     -0.123629     -0.237404     -0.112200     -0.193728     -0.145165     -0.195428     -0.167405     -0.171256    
 1966   1.11535      0.806746      0.980572      0.454630     -0.258635      0.509796E-01  0.150185     -0.349751     -0.453241     -0.452127     -0.396790     -0.535095       1.10557      0.392189     -0.495288E-01 -0.434053       1.21328     -0.676387E-01  0.927353E-01  0.889409     -0.171536     -0.165619     -0.196299     -0.298689     -0.326109     -0.169730     -0.133850     -0.244960     -0.319844     -0.239999     -0.166874     -0.198208     -0.152489     -0.273699     -0.182847     -0.242239     -0.159625     -0.248864     -0.219310     -0.188309    
 1967 -0.673115     -0.630085     -0.733929     -0.973959     -0.464766     -0.124201     -0.211145     -0.395761     -0.867271     -0.699938     -0.547110     -0.612465     -0.612765     -0.724218     -0.243702     -0.704773     -0.570190     -0.506184     -0.577812     -0.469740     -0.259474     -0.228353     -0.232484     -0.296775     -0.302576     -0.167936     -0.102980     -0.185805     -0.222349     -0.137108     -0.499195E-01 -0.775668E-01 -0.228678     -0.277279     -0.152240     -0.136459     -0.220899     -0.213070     -0.188611     -0.232611    
 1968 -0.862675      -1.05629     -0.900368     -0.613209     -0.622705      0.285700      0.397554      0.177069     -0.244141E-02  0.786819E-01  0.576210      0.705345     -0.843810     -0.712094      0.286774      0.217484     -0.779808     -0.630054E-01 -0.153094     -0.591936     -0.147815     -0.136101     -0.199500     -0.285691     -0.272618     -0.166242     -0.135355     -0.217542     -0.238573     -0.153632     -0.642600E-01 -0.910025E-01 -0.120494     -0.252603     -0.173046     -0.152155     -0.124668     -0.219337     -0.175694     -0.165308    
 1969  0.944025       1.11643      0.587091      0.422350      0.474976      0.976295E-01 -0.993061E-01  0.181759      0.423569      0.666412      0.476820      0.414165      0.921933      0.494806      0.600275E-01  0.522267      0.667964      0.250163      0.475493      0.464577     -0.163312     -0.151634     -0.240099     -0.337174     -0.315056     -0.222579     -0.233613     -0.293495     -0.317547     -0.264495     -0.203688     -0.235332     -0.135316     -0.297443     -0.249896     -0.261910     -0.143990     -0.286577     -0.248169     -0.194185    
 1970  0.273664      0.208176     -0.960178E-01  0.303707E-01 -0.179205     -0.554760     -0.970415      -1.23596      -1.08123      -1.07542      -1.05350      -1.29090      0.298668     -0.816174E-01 -0.920378      -1.07005      0.323870     -0.665200     -0.585433      0.145471     -0.285550     -0.259701     -0.337044     -0.387686     -0.383791     -0.318512     -0.330733     -0.388776     -0.427560     -0.408096     -0.339756     -0.379598     -0.260194     -0.369507     -0.346007     -0.391804     -0.264302     -0.372843     -0.353900     -0.293371    
 1971  -1.73746      -1.55765      -1.31242      -1.07501     -0.856495     -0.992081      -1.05171      -1.08191      -1.00717      -1.20068      -1.07084      -1.19357      -1.52867      -1.08131      -1.04190      -1.09290      -1.33789      -1.01073      -1.17808      -1.18655     -0.420152     -0.368913     -0.462687     -0.477872     -0.461319     -0.426281     -0.440814     -0.496127     -0.538058     -0.509937     -0.434104     -0.490672     -0.389554     -0.467293     -0.454408     -0.494033     -0.396534     -0.473412     -0.460578     -0.407645    
 1972 -0.930916     -0.438545     -0.145508      0.183050      0.504755      0.590790      0.960304       1.11291       1.22094       1.58829       1.97816       2.12790     -0.854344      0.180766      0.888001       1.59580     -0.830010      0.762125      0.729344     -0.570188     -0.504332     -0.421207     -0.501921     -0.506689     -0.460335     -0.427449     -0.430229     -0.450959     -0.437689     -0.379200     -0.319579     -0.370224     -0.472070     -0.489648     -0.436212     -0.378823     -0.477029     -0.452225     -0.434151     -0.477637    
 1973   1.78787       1.21066      0.315113     -0.468500     -0.848526      -1.04392      -1.42120      -1.61060      -1.66441      -1.94162      -2.29685      -2.22751       1.70881     -0.333971      -1.35857      -1.96763       1.50133      -1.17619     -0.850791      0.828433     -0.358259     -0.304590     -0.415667     -0.470463     -0.441142     -0.456695     -0.451367     -0.477630     -0.410283     -0.335626     -0.308141     -0.339371     -0.344358     -0.442424     -0.461898     -0.351350     -0.357920     -0.451263     -0.397436     -0.402891    
 1974  -2.09517      -1.64598      -1.39689      -1.24695      -1.17225      -1.06414     -0.784925     -0.503700     -0.649982     -0.896788      -1.01831     -0.935656      -1.98955      -1.27203     -0.784255     -0.855027      -1.93400     -0.903658      -1.11756      -1.64863     -0.338717     -0.305110     -0.405795     -0.484264     -0.470656     -0.512301     -0.506037     -0.537916     -0.453738     -0.386041     -0.357771     -0.368826     -0.327733     -0.453572     -0.518751     -0.399183     -0.338794     -0.494152     -0.427264     -0.403272    
 1975 -0.458786     -0.672186      -1.04640     -0.851519      -1.01307      -1.36131      -1.27716      -1.50217      -1.67261      -1.78795      -1.58070      -1.89100     -0.688876     -0.970330      -1.38021      -1.68042     -0.838021      -1.27964      -1.25957     -0.849386     -0.380099     -0.370568     -0.425017     -0.498457     -0.481636     -0.479961     -0.467751     -0.507128     -0.421796     -0.368307     -0.312103     -0.293182     -0.373164     -0.468370     -0.484947     -0.367402     -0.381387     -0.476122     -0.417167     -0.437172    
 1976  -2.01327      -1.25406     -0.775658     -0.825310     -0.613174     -0.244020     -0.504665E-01  0.143929      0.293289      0.791412      0.786951      0.529045      -1.71944     -0.738047     -0.501858E-01  0.623884      -1.55044     -0.215959     -0.269278      -1.28642     -0.298705     -0.323188     -0.380393     -0.464983     -0.442358     -0.401457     -0.390349     -0.434432     -0.341668     -0.277841     -0.223928     -0.173015     -0.305025     -0.429245     -0.408746     -0.281146     -0.329313     -0.412541     -0.346026     -0.390113    
 1977  0.771915      0.384834      0.237633     -0.270369     -0.905457E-01  0.147449      0.201223      0.139294E-01  0.393589      0.671253      0.559650      0.732346      0.561931     -0.410939E-01  0.120867      0.541497      0.583632      0.658793E-01  0.312742      0.306256     -0.177636     -0.262630     -0.328118     -0.425362     -0.418612     -0.364283     -0.387940     -0.423964     -0.288123     -0.208312     -0.186342     -0.116112     -0.204427     -0.390697     -0.392062     -0.227593     -0.240528     -0.384714     -0.298953     -0.318156    
 1978  0.613754      0.261135     -0.146868     -0.592279     -0.613066     -0.570881     -0.437586     -0.766050     -0.715181     -0.421028     -0.301800     -0.223961E-01  0.535745     -0.450738     -0.591506     -0.479336      0.448545     -0.615841     -0.309354      0.126982     -0.974943E-01 -0.211657     -0.256236     -0.342157     -0.321441     -0.274373     -0.340478     -0.374114     -0.218273     -0.144673     -0.131494     -0.488659E-01 -0.141755     -0.306611     -0.329655     -0.164813     -0.179359     -0.311806     -0.230105     -0.259513    
 1979 -0.141575     -0.211405      0.310326E-01  0.125401     -0.124935     -0.157900     -0.357555     -0.808411E-01  0.267208      0.157833      0.362240      0.552805     -0.125125      0.104995E-01 -0.198765      0.262427     -0.177862     -0.547704E-01  0.351924E-01 -0.261952      0.101595E-02 -0.101386     -0.154106     -0.232033     -0.199663     -0.173161     -0.249409     -0.291888     -0.146391     -0.899644E-01 -0.820979E-01 -0.566535E-02 -0.497453E-01 -0.195268     -0.238153     -0.106151     -0.965849E-01 -0.215424     -0.143729     -0.176436    
 1980  0.531624      0.226866      0.756016E-01  0.434608E-01  0.201096      0.347570      0.535431E-01 -0.357592     -0.286032     -0.212158     -0.255699E-01  0.833244E-01  0.437098      0.106719      0.145070E-01 -0.174587      0.317828      0.340986E-03  0.568112E-01  0.193992      0.363710E-01 -0.300628E-01 -0.921995E-01 -0.209048     -0.166303     -0.128883     -0.196879     -0.229534     -0.830617E-01 -0.949625E-02 -0.225659E-01  0.518627E-01  0.214276E-03 -0.155850     -0.185098     -0.383746E-01 -0.439365E-01 -0.168951     -0.899833E-01 -0.121295    
 1981 -0.367535     -0.628756     -0.591558     -0.418619     -0.451235     -0.324331     -0.527617     -0.506361     -0.199821     -0.254618     -0.335260     -0.164455     -0.304322     -0.487137     -0.452770     -0.263233     -0.290375     -0.404664     -0.397514     -0.293877      0.681271E-01 -0.420696E-02 -0.563843E-01 -0.189667     -0.150751     -0.959594E-01 -0.161647     -0.171483     -0.237133E-01  0.607309E-01  0.565236E-01  0.159480      0.385942E-01 -0.132267     -0.143030      0.311804E-01  0.455605E-02 -0.132203     -0.424126E-01 -0.765430E-01
 1982  0.120535     -0.156275      0.179132      0.319071      0.574425      0.666510      0.484385      0.746729       1.48450       2.03279       1.99429       2.23685     -0.667317E-01  0.357543      0.632541       1.83719     -0.101824      0.712603      0.890245     -0.237278E-01  0.153367      0.616376E-01  0.369556E-02 -0.111799     -0.987021E-01 -0.468379E-01 -0.987687E-01 -0.830452E-01  0.497383E-01  0.943453E-01  0.100749      0.203190      0.124828     -0.689352E-01 -0.762173E-01  0.816107E-01  0.825724E-01 -0.649024E-01  0.189641E-01 -0.989566E-02
 1983   2.33926       1.94785       1.42811       1.05958       1.02522      0.678570      0.396347E-02 -0.247421     -0.530962      -1.11334      -1.21601     -0.991535       2.17465       1.17097      0.145037     -0.953437       1.99653      0.331492      0.365274       1.45484      0.185424      0.100868      0.580469E-01 -0.510244E-01 -0.828303E-01 -0.531423E-01 -0.975700E-01 -0.246002E-01  0.973084E-01  0.533421E-01  0.464360E-01  0.120195      0.163161     -0.252693E-01 -0.584375E-01  0.656955E-01  0.123770     -0.353098E-01  0.293711E-01  0.352958E-01
 1984 -0.676355     -0.177746     -0.467287     -0.572550     -0.610445     -0.762390     -0.388716     -0.222370     -0.345802     -0.630888      -1.11123      -1.30762     -0.615212     -0.550094     -0.457825     -0.695973     -0.773712     -0.483712     -0.606117     -0.613507      0.107911      0.396847E-01  0.133043E-01 -0.926574E-01 -0.140131     -0.119428     -0.161781     -0.660763E-01  0.537749E-01 -0.439926E-01 -0.740264E-01 -0.756622E-02  0.892633E-01 -0.731612E-01 -0.115762     -0.214147E-01  0.634787E-01 -0.877164E-01 -0.409153E-01  0.316162E-03
 1985  -1.17050     -0.713955     -0.737867      -1.06621     -0.907675     -0.777500     -0.622766     -0.536411     -0.710201     -0.444487     -0.297140     -0.368475      -1.06403     -0.903917     -0.645559     -0.483943     -0.945343     -0.770127     -0.696099     -0.781694     -0.101011E-01 -0.232281E-01 -0.452613E-01 -0.140048     -0.171297     -0.148754     -0.159317     -0.574372E-01  0.496080E-01 -0.462481E-01 -0.100669     -0.246732E-01 -0.136318E-01 -0.118869     -0.121836     -0.324363E-01 -0.340293E-01 -0.104541     -0.731188E-01 -0.698631E-01
 1986 -0.666435     -0.695175     -0.367887     -0.223000     -0.407526     -0.169361     -0.225067E-03  0.339190      0.517849      0.852493       1.08518       1.15886     -0.576695     -0.332804      0.565346E-01  0.818507     -0.473267      0.948783E-02  0.118664     -0.459072      0.600237E-02  0.240753E-01 -0.107097E-01 -0.968849E-01 -0.129192     -0.114569     -0.816718E-01  0.326769E-01  0.104986      0.351739E-01 -0.101639E-01  0.852656E-01  0.180150E-02 -0.789288E-01 -0.545212E-01  0.433322E-01 -0.253704E-01 -0.474423E-01 -0.129175E-01 -0.550012E-01
 1987   1.12988       1.14284       1.03146      0.684681      0.744785       1.05522       1.40855       1.58742       1.63806       1.28246       1.14592      0.976734       1.14386      0.820309       1.35040       1.35548       1.06679       1.18645       1.15233      0.811851      0.133801      0.168929      0.855338E-01 -0.113714E-01 -0.578095E-01 -0.633757E-01 -0.189949E-01  0.592660E-01  0.577963E-01 -0.212729E-01 -0.399418E-01  0.620660E-01  0.129332      0.545092E-02 -0.770153E-02 -0.113946E-02  0.830898E-01 -0.574822E-02  0.295521E-01  0.351644E-01
 1988  0.896925      0.287745      0.146332     -0.331839      -1.13096      -1.60474      -1.62094      -1.17064      -1.00825      -1.85230      -1.97432      -1.92669      0.720468     -0.438822      -1.46544      -1.61162      0.789353      -1.14456     -0.940807      0.525217      0.109050      0.189803      0.984888E-01  0.201866E-01 -0.345720E-01 -0.705608E-01 -0.965488E-02  0.455669E-01  0.237209E-01 -0.749637E-01 -0.852767E-01  0.385271E-02  0.120306      0.280344E-01 -0.115496E-01 -0.455065E-01  0.663655E-01 -0.421891E-02  0.179700E-01  0.342761E-01
 1989  -1.97501      -1.46169      -1.15702     -0.967699     -0.753046     -0.449760     -0.458416     -0.505772     -0.310392     -0.357588     -0.374489     -0.981159E-01  -1.78780     -0.959255     -0.471316     -0.347490      -1.72450     -0.574181     -0.739083      -1.35978      0.371597E-01  0.125933      0.799899E-01  0.492607E-01  0.110662E-01 -0.193444E-01  0.445328E-01  0.104084      0.108231      0.570850E-01  0.942928E-01  0.193284      0.556485E-01  0.467722E-01  0.430909E-01  0.865363E-01  0.144492E-01  0.496384E-01  0.737979E-01  0.156092E-01
 1990  0.482368E-02  0.218895      0.923424E-01  0.188751      0.205885      0.529194E-01  0.203684      0.240120      0.208229      0.258152      0.178310      0.392105      0.418676E-01  0.162326      0.165574      0.214897     -0.856886E-01  0.183265      0.187018     -0.111763      0.184724      0.211231      0.173603      0.169256      0.108826      0.799151E-01  0.108141      0.139215      0.142239      0.109026      0.172566      0.296230      0.196413      0.150562      0.109090      0.141277      0.152370      0.124599      0.157914      0.127422    
 1991  0.481335      0.325285      0.827332E-01  0.299351      0.386074      0.654020      0.875143      0.698210      0.413488      0.903513       1.27096       1.72554      0.399575      0.256053      0.742458      0.862654      0.286320      0.554381      0.676304      0.309117      0.284160      0.276163      0.226306      0.235343      0.162165      0.111902      0.118071      0.109012      0.867814E-01  0.269580E-01  0.648903E-01  0.180900      0.285518      0.207938      0.112995      0.595432E-01  0.227408      0.137212      0.156888      0.188621    
 1992   1.82763       1.78675       1.42971       1.31137       1.16476      0.712019      0.335163      0.739384E-01 -0.726109E-01 -0.254278     -0.207489     -0.117136       1.77997       1.30195      0.373707     -0.178126       1.49068      0.587440      0.665819       1.17659      0.190845      0.192938      0.155028      0.207814      0.170719      0.113985      0.115180      0.985558E-01  0.622344E-01  0.206280E-01  0.608972E-01  0.160013      0.188228      0.177853      0.109240      0.479199E-01  0.135260      0.128081      0.129070      0.134828    
 1993  0.137144      0.422316      0.436632      0.698441      0.899635      0.489359      0.339985      0.151388      0.344639      0.999126E-01  0.790710E-01  0.198185      0.147441      0.678236      0.326911      0.174541      0.695315E-01  0.487241      0.358059      0.236760      0.181297      0.205153      0.155537      0.248145      0.263168      0.190096      0.165831      0.110196      0.735324E-01  0.985349E-01  0.157336      0.241271      0.182154      0.222283      0.155374      0.109801      0.130587      0.175161      0.174175      0.146742    
 1994  0.879650E-01  0.703850E-01  0.154213      0.370071      0.427904      0.451149      0.359015      0.549170      0.468798      0.796833       1.18508       1.29128      0.118845      0.317396      0.453111      0.816904      0.114955      0.437685      0.517655      0.231239      0.269083      0.300162      0.230085      0.307337      0.341056      0.227170      0.173385      0.708314E-01  0.213830E-01  0.784674E-01  0.129932      0.174872      0.270172      0.292826      0.157129      0.765940E-01  0.216079      0.190194      0.193647      0.210133    
 1995   1.01647      0.743876      0.512901      0.391081      0.917435E-02 -0.584984E-02 -0.983353E-01 -0.605341     -0.844641     -0.833397      -1.02799     -0.908445       1.01721      0.304385     -0.236509     -0.902009      0.924407     -0.192319     -0.137541      0.609819      0.194093      0.219968      0.191283      0.258033      0.280171      0.161719      0.105838      0.792542E-03 -0.546244E-01 -0.884818E-02  0.287171E-01  0.309438E-01  0.196311      0.243163      0.894500E-01 -0.115852E-01  0.164769      0.125322      0.117341      0.162845    
 1996 -0.864685     -0.854376     -0.564608     -0.358559     -0.257595     -0.301270     -0.326056     -0.195930     -0.456861     -0.399948     -0.337481     -0.607775     -0.875835     -0.393587     -0.274419     -0.398097     -0.842250     -0.316045     -0.460429     -0.626603      0.442548E-01  0.848801E-01  0.114065      0.176489      0.202860      0.912262E-01  0.278849E-01 -0.710540E-01 -0.122552     -0.104743     -0.940848E-01 -0.137765      0.533596E-01  0.164471      0.160190E-01 -0.107127      0.490021E-01  0.508089E-01  0.176217E-01  0.680495E-01
 1997 -0.538166     -0.362455     -0.197378      0.269661      0.765924       1.22879       1.67656       1.91341       2.12183       2.40830       2.48872       2.32562     -0.502799      0.279402       1.60625       2.33962     -0.407201       1.32936       1.17507     -0.964729E-01 -0.116144     -0.535306E-01  0.195084E-01  0.832782E-01  0.136107      0.628148E-01  0.138299E-01 -0.668465E-01 -0.958843E-01 -0.777977E-01 -0.848868E-01 -0.166336     -0.102480      0.796313E-01  0.326604E-02 -0.861897E-01 -0.811265E-01  0.222166E-01 -0.288239E-01 -0.308567E-01
 1998   2.37400       2.03735       1.38535      0.889811      0.696884     -0.256100     -0.875916      -1.26383      -1.26606      -1.42000      -1.38835      -1.65041       2.24566      0.990682     -0.798615      -1.35814       2.16989     -0.345869     -0.614392E-01   1.67181     -0.192730     -0.133083     -0.504820E-01 -0.122138E-01  0.297686E-01  0.377698E-01  0.388884E-01 -0.198729E-01 -0.421888E-01  0.177832E-01  0.190485E-01 -0.764515E-01 -0.164050     -0.109758E-01  0.189284E-01 -0.178570E-02 -0.117553      0.535851E-02 -0.319803E-01 -0.665743E-01
 1999  -1.69637      -1.31112     -0.905067      -1.00552      -1.02312      -1.05692      -1.05237      -1.19987      -1.09557      -1.19124      -1.50854      -1.70237      -1.55263     -0.977902      -1.10305      -1.26512      -1.39522      -1.07223      -1.22901      -1.23856     -0.161177     -0.112943     -0.510891E-01 -0.581260E-01 -0.518904E-01 -0.333463E-02  0.499863E-01 -0.200545E-02 -0.296418E-01  0.347417E-01  0.128500E-01 -0.886928E-01 -0.116857     -0.537018E-01  0.148821E-01  0.598331E-02 -0.608048E-01 -0.158353E-01 -0.384435E-01 -0.417794E-01
 2000  -1.77360      -1.53556     -0.935648     -0.759499     -0.741745     -0.648930     -0.553295     -0.466560     -0.526741     -0.654507     -0.711929     -0.882206      -1.67051     -0.812297     -0.556262     -0.631059      -1.44116     -0.616128     -0.849185      -1.17875     -0.170590     -0.123014     -0.513796E-01 -0.687116E-01 -0.432498E-01 -0.322564E-02  0.611187E-01  0.382629E-01  0.270741E-01  0.739097E-01  0.158856E-01 -0.113278     -0.127432     -0.544470E-01  0.320520E-01  0.389565E-01 -0.643476E-01  0.187811E-02 -0.297665E-01 -0.402444E-01
 2001 -0.737015     -0.622015     -0.433647     -0.383280     -0.212524     -0.539894E-01  0.730534E-01 -0.320416E-01 -0.210102     -0.101717     -0.294840     -0.374334     -0.747079     -0.343150     -0.432587E-02 -0.202220     -0.673553     -0.136481     -0.281871     -0.519809     -0.191453     -0.132226     -0.572680E-01 -0.622461E-01 -0.783383E-02  0.279928E-01  0.825517E-01  0.931568E-01  0.119381      0.171504      0.111626     -0.229913E-01 -0.145652     -0.424493E-01  0.679004E-01  0.134170     -0.674050E-01  0.421671E-01  0.110161E-01 -0.266718E-01
 2002 -0.161995     -0.341644E-01  0.549622E-01  0.129780      0.428314      0.851799      0.856153      0.888340       1.08434       1.28985       1.54227       1.41133     -0.190164      0.204352      0.865431       1.30549     -0.152015      0.706454      0.695082      0.273929E-01 -0.132886     -0.977246E-01 -0.589056E-01 -0.785956E-01 -0.489642E-01 -0.223323E-01 -0.248410E-02 -0.111097E-01  0.949951E-02  0.406108E-01 -0.157739E-01 -0.127461     -0.845340E-01 -0.621552E-01 -0.119754E-01  0.114455E-01 -0.489632E-02 -0.256644E-01 -0.455105E-01  0.965165E-02
 2003  0.595055      0.652176      0.411572     -0.298100E-01 -0.490696     -0.151320      0.320164      0.276459      0.261599      0.467403      0.408020      0.467405      0.886187     -0.363113E-01  0.148434      0.379007      0.983709      0.310660E-01  0.265669      0.671605     -0.274715     -0.257443     -0.182857     -0.191156     -0.175696     -0.109272     -0.753935E-01 -0.839433E-01 -0.102367     -0.916916E-01 -0.162934     -0.279616     -0.219873     -0.183236     -0.895364E-01 -0.118998     -0.136273     -0.122971     -0.165590     -0.108155    
 2004  0.261105      0.243336      0.167131      0.180080      0.185055      0.269739      0.600794      0.781448      0.802778      0.768513      0.732161      0.777235      0.323949      0.177422      0.550660      0.767817      0.335733      0.469982      0.480781      0.292291     -0.437879     -0.415583     -0.297140     -0.241583     -0.186585     -0.485754E-01  0.415487E-01  0.627817E-01  0.363152E-01  0.699491E-01  0.394201E-01 -0.639985E-01 -0.377693     -0.241769      0.185850E-01  0.485615E-01 -0.280807     -0.560162E-01 -0.120111     -0.201941    
 2005  0.655064      0.369495      0.494173      0.369360      0.424835      0.177740     -0.117466     -0.322514E-01 -0.443020E-01 -0.217171E-01 -0.514360     -0.886105      0.600598      0.429456      0.934086E-02 -0.193460      0.632774      0.129653      0.728721E-01  0.579466     -0.233299     -0.248810     -0.189801     -0.140593     -0.941182E-01  0.317880E-01  0.103903      0.106969      0.708752E-01  0.126600      0.148872      0.760693E-01 -0.182036     -0.141504      0.808866E-01  0.115449     -0.104423      0.131374E-01 -0.201287E-01 -0.574014E-01
 2006 -0.920536     -0.664234     -0.663649     -0.207529      0.350647E-01  0.139509      0.121735      0.328859      0.588938      0.740263       1.06369       1.17562     -0.823625     -0.278704      0.196701      0.797630     -0.611767      0.167763      0.144811     -0.324798     -0.109240     -0.132334     -0.117355     -0.914775E-01 -0.709908E-01  0.276765E-01  0.648167E-01  0.326056E-01 -0.127272E-01  0.321019E-01  0.656035E-01  0.976730E-02 -0.551680E-01 -0.932745E-01  0.416996E-01  0.283260E-01 -0.123127E-02 -0.834946E-02 -0.251294E-01  0.116307E-01
 2007  0.689024      0.137436     -0.131088     -0.208359     -0.349344     -0.218491     -0.471947     -0.696711      -1.12160      -1.34978      -1.46044      -1.54716      0.667360     -0.229597     -0.462383      -1.31061      0.612491     -0.511075     -0.560705      0.328190     -0.185695     -0.187781     -0.170585     -0.131419     -0.111855     -0.164245E-01  0.209193E-01 -0.170414E-01 -0.781353E-01 -0.621802E-01 -0.406875E-01 -0.103930     -0.121236     -0.137953     -0.418220E-02 -0.603343E-01 -0.727647E-01 -0.556593E-01 -0.904012E-01 -0.509659E-01
 2008  -1.68976      -1.65690      -1.15996     -0.883369     -0.722485     -0.547621     -0.185596     -0.110380     -0.259962     -0.307968     -0.382401     -0.820745      -1.63127     -0.921938     -0.281199     -0.316777      -1.47733     -0.451569     -0.727262      -1.10898     -0.278316     -0.277520     -0.232861     -0.163269     -0.132908     -0.583034E-01 -0.337712E-01 -0.691184E-01 -0.136351     -0.142720     -0.130331     -0.215509     -0.219922     -0.176346     -0.537310E-01 -0.136467     -0.165916     -0.989534E-01 -0.155915     -0.118686    
 2009 -0.895895     -0.779684     -0.645428     -0.240879      0.178474      0.448540      0.596153      0.581179      0.671978      0.929543       1.53260       1.78032     -0.832108     -0.235944      0.541957       1.04471     -0.638687      0.372574      0.346408     -0.333494     -0.373596     -0.378391     -0.284216     -0.168528     -0.110062     -0.609894E-01 -0.915277E-01 -0.141013     -0.185372     -0.188704     -0.149945     -0.247589     -0.322499     -0.187602     -0.978433E-01 -0.174674     -0.254127     -0.126249     -0.198328     -0.175299    
 2010   1.51753       1.26847      0.951492      0.495661     -0.940056E-01 -0.547121     -0.954737      -1.36386      -1.60309      -1.64228      -1.56403      -1.56354       1.52211      0.451049     -0.955239      -1.60313       1.32999     -0.677859     -0.424959      0.806983     -0.419835     -0.418603     -0.303446     -0.146634     -0.671906E-01 -0.140398E-03 -0.352745E-01 -0.819296E-01 -0.996789E-01 -0.820768E-01  0.198096E-01 -0.702526E-01 -0.362009     -0.172424     -0.391148E-01 -0.539821E-01 -0.288021     -0.718081E-01 -0.142104     -0.196667    
 2011  -1.54696      -1.09652     -0.871868     -0.656139     -0.397715     -0.238029     -0.307226     -0.622011     -0.805801      -1.00390      -1.10811      -1.01904      -1.40234     -0.641907     -0.389089     -0.972604      -1.38087     -0.504487     -0.806110      -1.12490     -0.253293     -0.269429     -0.185857     -0.639500E-01 -0.170958E-01  0.546676E-01  0.246953E-01 -0.272355E-01 -0.462628E-01 -0.325249E-01  0.977895E-01  0.274559E-01 -0.197658     -0.889675E-01  0.173758E-01  0.633396E-02 -0.140183     -0.125302E-01 -0.575866E-01 -0.903633E-01
 2012 -0.881155     -0.668606     -0.571407     -0.396189     -0.203785      0.153820      0.358484      0.485369      0.371878      0.306393      0.229721     -0.217905     -0.856267     -0.390460      0.332558      0.302664     -0.875370      0.128263     -0.861152E-01 -0.619451     -0.135402     -0.133410     -0.587342E-01  0.237914E-01  0.444881E-01  0.874897E-01  0.423478E-01 -0.435000E-01 -0.706394E-01 -0.627843E-01  0.388741E-01 -0.239080E-01 -0.804521E-01  0.318177E-02  0.287792E-01 -0.315165E-01 -0.391377E-01  0.139963E-01 -0.242823E-01 -0.106549E-01
 2013 -0.538206     -0.508156     -0.207588     -0.140839     -0.279646     -0.290920     -0.275976     -0.362110     -0.190252     -0.159927     -0.723095E-01 -0.134954     -0.421422     -0.209358     -0.309669     -0.140830     -0.155957     -0.256624     -0.263407     -0.359513E-01 -0.112829     -0.642926E-01  0.104871E-01  0.995983E-01  0.129137      0.157305      0.984350E-01 -0.104110E-01 -0.245403E-01 -0.626497E-02  0.910012E-01  0.498479E-01 -0.508917E-01  0.797408E-01  0.817763E-01  0.200653E-01 -0.155034E-01  0.749207E-01  0.347895E-01  0.190164E-01
 2014 -0.511246     -0.613754     -0.240797      0.185921      0.430914      0.355619      0.418034E-01 -0.178699E-01  0.274218      0.476152      0.820210      0.737995     -0.419985      0.125346      0.126518      0.523527     -0.288831      0.211768      0.161597     -0.132406      0.259947E-01  0.714721E-01  0.117920      0.177448      0.176330      0.181640      0.858652E-01 -0.393299E-01 -0.516636E-01 -0.435653E-01  0.340484E-01 -0.733256E-03  0.880258E-01  0.157233      0.760583E-01 -0.203935E-01  0.107144      0.883816E-01  0.612856E-01  0.106105    
 2015  0.502645      0.422335      0.517492      0.801392       1.03641       1.30884       1.56659       1.94873       2.19811       2.40319       2.79269       2.69987      0.554325      0.785098       1.60805       2.46466      0.579472       1.47668       1.51652      0.576802      -999.900      -999.900      -999.900      -999.900      -999.900      -999.900      -999.900      -999.900      -999.900      -999.900      -999.900      -999.900      -999.900      -999.900      -999.900      -999.900      -999.900      -999.900      -999.900      -999.900    
 2016   2.56273       2.26641       1.66482       1.01413      0.425385      0.104570     -0.362926     -0.558241     -0.585152     -0.693607     -0.683760     -0.456184       2.50967       1.03478     -0.272199     -0.654173       2.39828      0.629434E-02  0.391515       1.80394      -999.900      -999.900      -999.900      -999.900      -999.900      -999.900      -999.900      -999.900      -999.900      -999.900      -999.900      -999.900      -999.900      -999.900      -999.900      -999.900      -999.900      -999.900      -999.900      -999.900    
 2017 -0.436436     -0.728245E-01  0.828915E-01  0.324810      0.492014      0.472889      0.365765     -0.134901     -0.435041     -0.521097     -0.891300     -0.942635     -0.321815      0.299905      0.234584     -0.615813     -0.376653      0.180923     -0.141322     -0.206377      -999.900      -999.900      -999.900      -999.900      -999.900      -999.900      -999.900      -999.900      -999.900      -999.900      -999.900      -999.900      -999.900      -999.900      -999.900      -999.900      -999.900      -999.900      -999.900      -999.900    

