# SOI [1]
# series: averaged file ./data/isoi.dat
#year     Jan     Feb     Mar     Apr     May     Jun     Jul     Aug     Sep     Oct     Nov     Dec     DJF     MAM     JJA     SON Oct-Mar Apr-Sep Jan-Dec Jul-Jun; repeated with 10-yr running average
#                                                                                                     (the year is the year of the last month)
 1866 -0.616000     -0.117000     -0.615000     -0.646000      0.380000E-01 -0.815000     -0.345000      0.360000     -0.176000      0.720000E-01   1.09700     -0.159000      -999.900     -0.407667     -0.266667      0.331000      -999.900     -0.264000     -0.160167      -999.900      -999.900      -999.900      -999.900      -999.900      -999.900      -999.900      -999.900      -999.900      -999.900      -999.900      -999.900      -999.900      -999.900      -999.900      -999.900      -999.900      -999.900      -999.900      -999.900      -999.900    
 1867  0.950000E-01 -0.120000E-01 -0.910000E-01  0.830000      0.503000     -0.483000      0.440000      0.340000      0.120000     -0.558000     -0.649000     -0.889000     -0.253333E-01  0.414000      0.990000E-01 -0.362333      0.167000      0.291667     -0.295000E-01  0.140917      -999.900      -999.900      -999.900      -999.900      -999.900      -999.900      -999.900      -999.900      -999.900      -999.900      -999.900      -999.900      -999.900      -999.900      -999.900      -999.900      -999.900      -999.900      -999.900      -999.900    
 1868 -0.163000     -0.337000      -1.56300      0.303000      -1.33600      -2.19900     -0.402000      -1.41500      -1.22600      -1.24100      -1.49300      0.515000     -0.463000     -0.865333      -1.33867      -1.32000     -0.693167      -1.04583     -0.879750     -0.540917      -999.900      -999.900      -999.900      -999.900      -999.900      -999.900      -999.900      -999.900      -999.900      -999.900      -999.900      -999.900      -999.900      -999.900      -999.900      -999.900      -999.900      -999.900      -999.900      -999.900    
 1869  -1.89600     -0.264000     -0.586000       2.11700       1.40500       1.53400       1.42200      0.936000      0.117000      0.852000      0.563000      0.422000     -0.548333      0.978667       1.29733      0.510667     -0.827500       1.25517      0.551833     -0.246000      0.348529      0.167588     -0.299412      0.570941      0.377706     -0.519823      0.316235      0.277471      0.168529     -0.440588E-01  0.193412      0.509471      -999.900      0.216412      0.246275E-01  0.105961      -999.900      0.198510      0.172216      -999.900    
 1870   1.06200      0.181000     -0.746000      0.472000     -0.113000      -1.10300      0.172000      0.979000     -0.200000E-02 -0.578000     -0.856000      -1.29400      0.555000     -0.129000      0.160000E-01 -0.478667      0.389000      0.675000E-01 -0.152167      0.338750      0.393737      0.129474     -0.347737      0.636000      0.445421     -0.430895      0.249842      0.276737      0.301158      0.124895      0.120105      0.494632      0.393490      0.244561      0.318948E-01  0.182053      0.168922      0.246377      0.199447      0.222520    
 1871  -1.12900     -0.129000      -2.00000     -0.456000     -0.470000      0.245000      0.313000      0.382000      0.576000     -0.138000     -0.210000E-01  0.970000     -0.850667     -0.975333      0.313333      0.139000     -0.997667      0.983333E-01 -0.154750     -0.459833      0.495400      0.172300     -0.354550      0.753300      0.496150     -0.141150      0.204900      0.288400      0.385200      0.111500     -0.409500E-01  0.428300      0.412018      0.298300      0.117383      0.151917      0.190035      0.331133      0.233233      0.267456    
 1872   2.69000       1.11700       1.68900     -0.541000       1.35400       2.45400       2.30100      0.986000       3.14200       1.89500       3.09200       2.79500       1.59233      0.834000       1.91367       2.70967       1.05117       1.61600       1.91450      0.903750      0.535150      0.155600     -0.377800      0.597250      0.421050     -0.194650      0.126850      0.254600      0.351500      0.949994E-03 -0.151900      0.382350      0.373017      0.213500      0.622667E-01  0.668500E-01  0.135300      0.259433      0.175079      0.209496    
 1873   2.46900       1.12400       1.62700       2.28500       1.18500      -3.09000      -1.14100     -0.586000      -2.13400      -1.77500     -0.356000       1.33200       2.12933       1.69900      -1.60567      -1.42167       2.16700     -0.580167      0.783334E-01   1.65092      0.445500     -0.995001E-02 -0.441400      0.293550      0.382550     -0.307100      0.156950      0.311650      0.406050      0.529000E-01 -0.408000E-01  0.419850      0.272633      0.782333E-01  0.538333E-01  0.139383      0.375917E-01  0.207275      0.139146      0.110625    
 1874  0.901000     -0.277000     -0.520000      0.978000       1.28900      -1.92300     -0.144000      0.753000       2.03100       2.19300      0.534000       1.27700      0.652000      0.582333     -0.438000       1.58600     -0.115833      0.497333      0.591000     -0.351000      0.563650     -0.242500E-01 -0.361600      0.198600      0.389400     -0.210750      0.295400      0.501850      0.636000      0.195450      0.113100      0.432200      0.319750      0.754667E-01  0.195500      0.314850      0.101625      0.301750      0.227421      0.155137    
 1875  0.655000     -0.112000     -0.997000       1.40000      0.753000       2.57300     -0.485000     -0.212000      0.826000      0.929000      -1.54000     -0.540000      0.606667      0.385333      0.625333      0.716667E-01  0.591667      0.809167      0.270833      0.909667      0.726300      0.815000E-01 -0.158350      0.188000      0.391200     -0.912000E-01  0.335900      0.579200      0.756700      0.286050      0.202900      0.423800      0.413333      0.140283      0.274633      0.415217      0.231700      0.359967      0.310167      0.275954    
 1876   1.15600      0.981000     -0.102000      0.936000      0.745000       1.97600     -0.509000       1.08200      0.980000      -1.00000     -0.464000     -0.451000      0.532333      0.526333      0.849667     -0.161333      0.147333      0.868333      0.444167      0.389167      0.744450      0.807000E-01  0.512000E-01  0.248050      0.453850     -0.388000E-01  0.296800      0.504450      0.697100      0.219950      0.308450      0.458300      0.416317      0.251033      0.254150      0.408500      0.298183      0.360242      0.335375      0.343667    
 1877 -0.882000      -1.44400      -1.06900      -3.87300      -1.70600      -4.34400     -0.957000      -1.05800      -1.71000      -1.69700      -1.30700      -1.51600     -0.925667      -2.21600      -2.11967      -1.57133     -0.885000      -2.27467      -1.79692      -1.14000      0.586200     -0.151000E-01  0.880000E-01  0.316600      0.399250     -0.300600      0.344000E-01  0.229150      0.371400     -0.249999E-02  0.190100      0.357150      0.343133      0.267950     -0.123500E-01  0.186333      0.274300      0.175033      0.187838      0.296617    
 1878 -0.979000      -2.21600      -1.85700      -1.06800      0.103000     -0.587000       1.59700       1.12400       1.69500      0.937000       1.38700       1.89200      -1.57033     -0.940667      0.711333       1.33967      -1.59533      0.477333      0.169000      -1.23742      0.314050     -0.187600     -0.204250      0.308250      0.363050     -0.343650     -0.180400      0.751501E-01  0.208300      0.460002E-02  0.736000E-01  0.114300      0.161200      0.155683     -0.149633      0.955000E-01  0.778250E-01  0.717833E-01  0.454500E-01  0.119129    
 1879   1.28300       1.32900       1.30400       1.58900      0.103000       1.84900       2.19200       2.20100       1.79500       1.52500      0.761000     -0.708000       1.50133      0.998667       2.08067       1.36033       1.35533       1.62150       1.26858       1.34075      0.996500E-01 -0.308000     -0.362400      0.146950      0.321750     -0.309500E-01 -0.180500      0.383000E-01  0.137850      0.205000E-01  0.614000E-01 -0.179850     -0.313500E-01  0.354333E-01 -0.577167E-01  0.732500E-01 -0.630417E-01  0.722333E-01 -0.196083E-01  0.135458E-01
 1880   1.13600      0.703000       1.42900      0.788000       1.22500      0.973000      0.212000       1.26100      0.734000      0.561000      0.742000     -0.332000      0.377000       1.14733      0.815333      0.679000      0.807667      0.865500      0.786000       1.16833     -0.137200     -0.317350     -0.223150     -0.439500E-01  0.229350     -0.109800     -0.185150     -0.771500E-01 -0.616500E-01 -0.212650      0.213500E-01 -0.268400     -0.211467     -0.125833E-01 -0.124033     -0.843167E-01 -0.129275     -0.413917E-01 -0.115479     -0.587000E-01
 1881 -0.840000     -0.667000      0.160000E-01  0.429000     -0.555000     -0.783000     -0.509000      -1.39500      -1.35200      -2.59900      0.492000      0.698000     -0.613000     -0.366667E-01 -0.895667      -1.15300     -0.866667E-01 -0.694167     -0.588750      0.648333E-01 -0.327750     -0.358700     -0.141450     -0.128350      0.182100     -0.411350     -0.120700     -0.110900     -0.109400     -0.240150      0.883000E-01 -0.120150     -0.318283     -0.292333E-01 -0.214317     -0.870834E-01 -0.214600     -0.116433     -0.149875     -0.164096    
 1882 -0.764000     -0.261000      0.409000     -0.550000E-01  0.347000      -1.75400      -2.12500      -2.74300      -1.44400     -0.930000E-01  0.212000       1.04400     -0.109000      0.233667      -2.20733     -0.441667     -0.337500      -1.29567     -0.602250     -0.561917     -0.292250     -0.287650     -0.281000E-01  0.931000E-01  0.227900     -0.248250      0.159000E-01 -0.289500E-01  0.137500E-01 -0.149500E-01  0.189300      0.763000E-01 -0.233350      0.976333E-01 -0.871000E-01  0.627000E-01 -0.146667      0.122417E-01 -0.236583E-01 -0.956875E-01
 1883  0.480000     -0.948000      -2.93800       1.63200       1.46800      0.257000      -1.01100      0.630000E-01 -0.810000      0.355000      0.194000      -1.77400      0.192000      0.540000E-01 -0.230333     -0.870000E-01 -0.373833      0.266500     -0.252667     -0.433167     -0.155250     -0.734000E-01  0.918000E-01  0.250250      0.222850     -0.862000E-01 -0.720000E-01 -0.702500E-01 -0.985002E-02 -0.322000E-01  0.852000E-01  0.604500E-01 -0.507833E-01  0.188300     -0.761500E-01  0.143833E-01  0.189667E-01  0.391333E-01  0.176166E-01  0.417833E-01
 1884  -1.39800     -0.613000      0.882000      -1.59500      0.180000      0.984000     -0.276000     -0.633000     -0.702000      0.381000     -0.260000      -1.50000      -1.26167     -0.177667      0.250000E-01 -0.193667     -0.392333     -0.340333     -0.379167     -0.378583     -0.328600     -0.561000E-01 -0.114100      0.879000E-01  0.147000     -0.132400     -0.334700     -0.288850     -0.178700     -0.221600      0.530000E-02  0.989500E-01 -0.108083      0.402667E-01 -0.251983     -0.131667     -0.642250E-01 -0.116625     -0.109658     -0.362458E-01
 1885  -1.78300      0.370000E-01  0.386000      0.155000      0.140000E-01  -1.91100     -0.446000      -1.13500     -0.431000      -1.92200      -1.54700      0.466000      -1.08200      0.185000      -1.16400      -1.30000     -0.456500     -0.625667     -0.676417     -0.507667     -0.483450     -0.116750     -0.339200      0.990001E-02  0.883000E-01 -0.126400     -0.457500     -0.480500     -0.208450     -0.302950      0.342000E-01  0.266300     -0.167083     -0.803333E-01 -0.354800     -0.159067     -0.176125     -0.195775     -0.176375     -0.157267    
 1886 -0.217000      0.500000E-02  0.149000      0.493000      0.539000      0.429000      0.741000       1.33000       1.28200       1.30100      0.882000       1.50800      0.846667E-01  0.393667      0.833333       1.15500     -0.511000      0.802333      0.703500     -0.301417     -0.312350     -0.915000E-01 -0.401250      0.215500E-01  0.860000E-01 -0.127650     -0.483050     -0.554500     -0.187250     -0.189650     -0.437500E-01  0.214950     -0.458500E-01 -0.979000E-01 -0.388400     -0.140217     -0.134592     -0.207483     -0.172371     -0.164508    
 1887   1.20100      0.953000      0.947000      0.999000     -0.584000      0.465000      0.525000      0.333000      0.451000      0.506000     -0.633000      0.454000       1.22067      0.454000      0.441000      0.108000       1.13200      0.364833      0.468083      0.918750     -0.144450     -0.126000     -0.429300      0.859000E-01  0.179000      0.976500E-01 -0.341200     -0.383250     -0.100950     -0.975001E-02 -0.147200      0.111800     -0.185000E-01 -0.548000E-01 -0.208933     -0.859667E-01 -0.119700     -0.771417E-01 -0.100646     -0.131704    
 1888 -0.322000     -0.328000      -1.47500      -2.79700      -1.12000      -2.15500      -1.64300      -1.09300     -0.938000      -1.61100      -1.36900     -0.395000     -0.653333E-01  -1.79733      -1.63033      -1.30600     -0.299667      -1.62433      -1.27050     -0.546750     -0.747000E-01 -0.893000E-01 -0.232500      0.127000      0.244900      0.392600     -0.515500E-01 -0.194950      0.727000E-01  0.510500E-01 -0.170000      0.138400     -0.174000E-01  0.464667E-01  0.487000E-01 -0.154167E-01 -0.736083E-01  0.984500E-01  0.178042E-01 -0.418792E-01
 1889  -2.84100     -0.213000      -3.19600      0.710000E-01 -0.191000       2.49300      0.178000      0.460000E-01   1.05100      0.285000       1.91900       2.34900      -1.14967      -1.10533      0.905667       1.08500      -1.60417      0.608000      0.162583     -0.910500      0.124250      0.698000E-01 -0.725500E-01  0.252450      0.207650      0.437600      0.130150     -0.206600      0.196850      0.610500E-01 -0.170000      0.280550      0.110817      0.129183      0.120383      0.293000E-01  0.234916E-01  0.169683      0.109267      0.720708E-01
 1890   2.16300       1.03200       1.42700      0.746000      0.345000      0.449000     -0.230000     -0.417000      0.883000      0.174000      0.162000     -0.420000E-01   1.84800      0.839333     -0.660000E-01  0.406333       1.52917      0.296000      0.557667      0.999167      0.417950      0.177900     -0.108050      0.446450      0.187650      0.420800      0.152450     -0.239400      0.215350      0.112750     -0.147850      0.285500      0.292133      0.175350      0.111283      0.600833E-01  0.109900      0.197217      0.160125      0.152892    
 1891   1.55500     -0.491000      -1.22300      0.704000      0.279000     -0.284000     -0.578000      -1.19700      -1.07700      0.540000E-01 -0.487000     -0.619000      0.340667     -0.800000E-01 -0.686333     -0.503333      0.225000E-01 -0.358833     -0.280333      0.891667E-01  0.548750      0.225250     -0.190100      0.421150      0.309500E-01  0.282800      0.308500E-01 -0.427500      0.528500E-01  0.255002E-02 -0.201200      0.521500E-01  0.353167      0.873333E-01 -0.379500E-01 -0.486000E-01  0.139050      0.651834E-01  0.690417E-01  0.141467    
 1892  0.199000      -1.12700       1.08700      0.957000       1.37300       2.25300      0.781000      0.484000      0.700000E-02  0.852000     -0.878000      0.298000     -0.515667       1.13900       1.17267     -0.633334E-02 -0.148833      0.975833      0.523833      0.698333E-01  0.432150      0.152900     -0.387300      0.187050     -0.207750      0.808000E-01 -0.111450     -0.643300     -0.127850     -0.183250     -0.324950     -0.784000E-01  0.212400     -0.136000     -0.224650     -0.212017      0.854166E-02 -0.137083     -0.100946     -0.193708E-01
 1893  0.912000      0.652000      0.320000       1.44200       1.76000       2.14900       1.87600      0.602000       1.21200      0.626000      0.828000     -0.496000      0.620667       1.17400       1.54233      0.888667      0.359333       1.50683      0.990250      0.731583      0.349650      0.102300     -0.360350      0.243950     -0.207200      0.132000     -0.326000E-01 -0.574600     -0.598000E-01 -0.105850     -0.272250     -0.805001E-02  0.124517     -0.107867     -0.158400     -0.145967     -0.825000E-01 -0.830416E-01 -0.660667E-01 -0.100738    
 1894   2.14900      0.969000      0.823000       1.10400     -0.857000     -0.800000E-02  0.471000      -1.40500     -0.241000      0.310000     -0.894000      0.650000E-01  0.874000      0.356667     -0.314000     -0.275000      0.816500     -0.156000      0.207167      0.735667      0.605950      0.196350      0.432500E-01  0.471700     -0.184750      0.184000E-01  0.465500E-01 -0.545150     -0.310000E-01  0.148000E-01 -0.216100     -0.106800      0.264750      0.110067     -0.160067     -0.774333E-01  0.765667E-01 -0.373750E-01  0.261000E-01  0.814580E-02
 1895  0.544000      0.617000     -0.265000       1.33600      0.651000      -1.25500     -0.747000      -1.01900     -0.522000     -0.817000     -0.470000      -1.00000      0.408667      0.574000      -1.00700     -0.603000      0.628333E-01 -0.259333     -0.245583     -0.550001E-02  0.661000      0.162250      0.532000E-01  0.350450     -0.268050     -0.452500E-01  0.734500E-01 -0.547900     -0.217750     -0.772500E-01 -0.274950     -0.280700      0.238817      0.452000E-01 -0.173233     -0.189983      0.947250E-01 -0.109175     -0.342917E-01  0.632496E-02
 1896  0.720000E-01  0.372000     -0.841000      -1.19400      -3.23200      -2.98700      -1.39000      -2.54800      -1.87700      -2.00800      -1.26200      -1.69300     -0.185333      -1.75567      -2.30833      -1.71567     -0.447333      -2.20467      -1.54900      -1.03208      0.426050      0.109000     -0.606500E-01  0.204900     -0.333050      0.216300      0.240100     -0.389900     -0.367600     -0.329350     -0.343700     -0.300250      0.847834E-01 -0.629334E-01  0.221666E-01 -0.346883     -0.264167E-01 -0.715417E-01 -0.773458E-01 -0.635459E-01
 1897  -1.42000     -0.861000      -2.00700      -1.99600      -1.58700     -0.159000     -0.190000     -0.105000     -0.400000E-02  0.990000E-01 -0.964000       1.04400      -1.32467      -1.86333     -0.151333     -0.289667      -1.54183     -0.673500     -0.679167      -1.56733      0.417700      0.186050      0.453500E-01  0.211150     -0.341300      0.244650      0.315700     -0.369150     -0.481150     -0.547400     -0.335750     -0.322800      0.101167     -0.282667E-01  0.637333E-01 -0.454767     -0.540333E-01 -0.700167E-01 -0.814125E-01 -0.605917E-01
 1898  0.649000      0.474000       2.01800       1.33600     -0.106000     -0.507000      0.649000      0.719000      0.878000      0.344000      0.160000E-01  0.422000      0.722333       1.08267      0.287000      0.412667      0.553333      0.494833      0.574333      0.312000      0.391000      0.140250      0.120350      0.257500     -0.381450      0.256000E-01  0.223250     -0.485450     -0.589500     -0.644650     -0.348900     -0.252100      0.694834E-01 -0.120003E-02 -0.788667E-01 -0.527683     -0.923917E-01 -0.158342     -0.128675     -0.989417E-01
 1899   1.31400      0.866000       1.38300      0.493000     -0.756000      -1.42700     -0.531000      -1.17700     -0.189000      0.743000       1.65700     -0.443000      0.867333      0.373333      -1.04500      0.737000      0.724167     -0.597833      0.161083      0.408417      0.252350      0.804000E-01  0.197750      0.420950     -0.330650     -0.142750      0.924500E-01 -0.457900     -0.597850     -0.681900     -0.438900     -0.138450      0.268834E-01  0.960166E-01 -0.169400     -0.572883     -0.119192     -0.169292     -0.145375     -0.134942    
 1900 -0.891000     -0.729000      -2.95300      -2.10100     -0.756000       3.09600       1.01700      0.751000      -1.61200      -2.12500     -0.753000     -0.728000     -0.687667      -1.93667       1.62133      -1.49667     -0.436000      0.658333E-01 -0.648667     -0.356167      0.132950     -0.141500E-01  0.389500E-01  0.328200     -0.354450     -0.244900     -0.425000E-01 -0.390150     -0.595050     -0.703350     -0.551700     -0.161250     -0.654999E-02  0.423331E-02 -0.225850     -0.616700     -0.183583     -0.216475     -0.213117     -0.194663    
 1901 -0.900000E-01  0.205000      0.880000      0.640000      0.800000E-01   2.30000       1.50800      0.795000      -1.57900      -2.68900     -0.947000     -0.324000     -0.204333      0.533333       1.53433      -1.73833     -0.435167      0.624000      0.649167E-01  0.470833E-01  0.266500E-01 -0.199250     -0.109050      0.126800     -0.360650     -0.183300     -0.700001E-02 -0.188700     -0.422550     -0.563150     -0.457850     -0.899500E-01 -0.111283     -0.114300     -0.126333     -0.481183     -0.282992     -0.172567     -0.202333     -0.261900    
 1902   1.67700     -0.282000       1.10400       1.14600       1.40700      0.236000      0.207000      -1.09300      -1.76200     -0.766000     -0.259000     -0.448000      0.357000       1.21900     -0.216667     -0.929000     -0.243500      0.235000E-01  0.972500E-01  0.171000      0.100750     -0.229800     -0.104000E-01  0.202700     -0.199550     -0.393000E-01  0.104350     -0.371500E-01 -0.244500     -0.449100     -0.277850     -0.990000E-02 -0.730000E-01 -0.241663E-02  0.929996E-02 -0.323817     -0.208400     -0.355750E-01 -0.908125E-01 -0.158733    
 1903  -1.10000      -1.10900       1.80300       2.18000      0.923000     -0.215000      0.601000     -0.147000      0.814000      0.299000     -0.540000E-01   1.66400     -0.885667       1.63533      0.796667E-01  0.353000     -0.313167      0.692667      0.471583     -0.136583      0.118000     -0.179850     -0.473000E-01  0.244900     -0.134400     -0.151001E-01  0.151500     -0.110050     -0.208300     -0.456950     -0.255050     -0.863000E-01 -0.239167E-01  0.210667E-01  0.878330E-02 -0.306767     -0.141000     -0.119083E-01 -0.815750E-01 -0.773250E-01
 1904   1.38800       1.53300      0.888000       3.63500      0.996000      -1.01100     -0.870000     -0.105000     -0.100000E-01 -0.108000      -1.81200      0.178000       1.52833       1.83967     -0.662000     -0.643333      0.953000      0.439167      0.391833      0.883833     -0.443500E-01 -0.224750     -0.245350      0.115200     -0.786000E-01  0.181700      0.271400     -0.323500E-01 -0.156250     -0.465100     -0.297300     -0.100150     -0.118467     -0.695833E-01  0.140250     -0.306217     -0.218792      0.501833E-01 -0.896584E-01 -0.105108    
 1905  -1.08300      -1.83800      -3.50600      -3.05000      -1.67800      -2.29500      -2.10500     -0.964000     -0.697000     -0.828000      -1.80800      -1.56900     -0.914333      -2.74467      -1.78800      -1.11100      -1.36150      -1.79817      -1.78508      -1.34808     -0.503000E-01 -0.180350     -0.111750      0.125750      0.505000E-02  0.354550      0.404500      0.781500E-01  0.999997E-02 -0.333650     -0.218350      0.620500E-01 -0.110267      0.635007E-02  0.279067     -0.180667     -0.200825      0.163000      0.121375E-01 -0.530667E-01
 1906 -0.427000     -0.875000     -0.560000     -0.836000      -1.02700     -0.715000      0.678000       1.42600       1.74800      0.807000       1.95300      0.302000     -0.957000     -0.807667      0.463000       1.50267      -1.01117      0.212333      0.206167      -1.03425      0.440000E-01 -0.827000E-01  0.655500E-01  0.220700      0.645001E-02  0.131800      0.318600     -0.253000E-01  0.198800     -0.105750     -0.865500E-01  0.184200      0.778332E-02  0.975667E-01  0.141700      0.216665E-02 -0.771834E-01  0.141842      0.724833E-01  0.323750E-01
 1907  0.561000     -0.225000     -0.315000     -0.836000     -0.570000      0.449000     -0.310000E-01  -1.04800     -0.680000E-01 -0.435000     -0.579000      0.650000      0.212667     -0.573667     -0.210000     -0.360667      0.513833     -0.350667     -0.203917      0.498167     -0.758500E-01 -0.169750     -0.796500E-01  0.204000E-01 -0.160750     -0.122150      0.167500     -0.128250      0.302250     -0.466500E-01 -0.603000E-01  0.158950     -0.204667E-01 -0.733333E-01 -0.276334E-01  0.651000E-01 -0.555583E-01  0.131667E-01 -0.161875E-01 -0.864582E-02
 1908 -0.987000      0.837000     -0.412000       1.02000      0.180000     -0.631000       1.43300      0.204000       1.66600      0.721000      0.870000E-01 -0.712000      0.166667      0.262667      0.335333      0.824667     -0.154333      0.645333      0.283833     -0.125333     -0.180900     -0.222900     -0.281750     -0.299100     -0.361600     -0.202550      0.118450     -0.159350      0.282300     -0.122850     -0.100850      0.310000E-02 -0.816167E-01 -0.314150     -0.811500E-01  0.195333E-01 -0.105592     -0.103642     -0.127333     -0.962750E-01
 1909 -0.297000     -0.395000     -0.148000      -1.78500      0.740000E-01   2.63300       1.08300      0.892000      0.640000E-01  0.203000      0.741000      0.414000     -0.468000     -0.619667       1.53600      0.336000     -0.124000      0.493500      0.289917      0.290083     -0.252650     -0.266200     -0.371900     -0.743050     -0.546450     -0.303000      0.770000E-01 -0.284750      0.120900     -0.219750     -0.935000E-01 -0.125150     -0.171917     -0.553800     -0.170250     -0.641166E-01 -0.185225     -0.279892     -0.250708     -0.205204    
 1910  0.601000       1.42000       1.25000      0.388000      0.870000E-01   2.49300       2.06500      0.892000       1.46000       1.04400       1.74200       1.65900      0.811667      0.575000       1.81667       1.41533      0.771500       1.23083       1.25842      0.803000     -0.440300     -0.271400     -0.321750     -0.960300     -0.512200     -0.135650      0.303450     -0.258400      0.149750     -0.162000     -0.231500E-01  0.240000E-02 -0.278950     -0.598083     -0.302000E-01 -0.118000E-01 -0.245308     -0.235558     -0.219129     -0.263904    
 1911  0.304000      0.900000E-02  0.223000      0.500000E-01 -0.735000      -1.55200      -1.25800      -1.41500     -0.875000      -1.30000     -0.806000     -0.268000      0.657333     -0.154000      -1.40833     -0.993667      0.830167     -0.964167     -0.635250      0.596750     -0.472300     -0.191650     -0.284950     -0.840100     -0.294550      0.186150      0.629900     -0.140950      0.185250     -0.956000E-01 -0.788500E-01  0.196450     -0.220517     -0.473200      0.225033      0.360000E-02 -0.188608     -0.457167E-01 -0.100100     -0.157113    
 1912  -1.11400      -1.82700      -1.14300      -2.27000      -1.12200     -0.991000     -0.490000E-01 -0.942000     -0.397000     -0.973000      0.125000      -1.00900      -1.06967      -1.51167     -0.660667     -0.415000      -1.07633     -0.961833     -0.976000      -1.19908     -0.428100     -0.113650     -0.189850     -0.627050     -0.732500E-01  0.356200      0.867600      0.899500E-01  0.264250     -0.206500E-01 -0.122000E-01  0.349850     -0.115100     -0.296717      0.437917      0.771333E-01 -0.118267      0.146283      0.385917E-01 -0.316250E-01
 1913 -0.410000     -0.627000      0.800000E-02 -0.794000     -0.565000     -0.596000     -0.124000     -0.920000     -0.950000      -1.01800      -1.24900     -0.892000     -0.682000     -0.450333     -0.546667      -1.07233     -0.481000     -0.658167     -0.678083     -0.519083     -0.311000     -0.159000E-01 -0.798500E-01 -0.403500      0.120500      0.445600      0.869900      0.274200      0.283900      0.959999E-02  0.110100      0.422600      0.764998E-02 -0.120950      0.529900      0.134533     -0.149583E-01  0.265100      0.143846      0.107887    
 1914 -0.737000      0.185000      0.880000      -2.27000      -1.21300      -2.63900     -0.974000      -1.84000      -1.47400     -0.729000     -0.470000      0.169000     -0.481333     -0.867667      -1.81767     -0.891000     -0.471833      -1.73500     -0.926000     -0.912250     -0.254900     -0.185500E-01 -0.149550     -0.280150      0.114450      0.233200      0.631650      0.142300      0.125200     -0.130400      0.830000E-02  0.331500      0.497167E-01 -0.105083      0.335717      0.103333E-02  0.198833E-01  0.161108      0.627542E-01  0.134567    
 1915  -2.71100     -0.594000      -2.49500      -1.49000       1.21600       2.68000       2.52800       1.29800       1.34400      0.948000      -1.74300      0.991000      -1.04533     -0.923000       2.16867      0.183000      -1.13833       1.26267      0.164333     -0.726000     -0.342350     -0.144100     -0.314200     -0.233800      0.387500E-01 -0.763000E-01  0.476850      0.302000E-01  0.428000E-01 -0.289850     -0.187000      0.221600     -0.516500E-01 -0.169750      0.143583     -0.144683     -0.985417E-01  0.464166E-01 -0.647833E-01  0.304581E-02
 1916  0.561000     -0.524000     -0.835000      0.800000E-02  0.432000      0.746000       2.57400       1.51300      0.417000      0.359000      0.774000       1.62300      0.342667     -0.131667       1.61100      0.516667     -0.100333      0.948333      0.637333      0.479500     -0.324250     -0.200900     -0.365550     -0.324550      0.507000E-01  0.100250      0.497100      0.345500E-01  0.597500E-01 -0.262700     -0.205600      0.242350     -0.101183     -0.213133      0.210633     -0.136183     -0.190992      0.696333E-01 -0.582375E-01 -0.641417E-01
 1917  0.457000      0.984000       1.86200       2.58100       2.39700       2.38900       2.82700       3.48300       2.84300       1.51200       1.93300       2.39700       1.02133       2.28000       2.89967       2.09600       1.00983       2.75333       2.13875       1.49417     -0.189950     -0.421000E-01 -0.241900     -0.311900      0.104900      0.453500      0.588600      0.947000E-01  0.169300     -0.728000E-01 -0.957500E-01  0.407300      0.343335E-02 -0.149633      0.378933      0.250004E-03 -0.116650      0.183183      0.719916E-01  0.115000E-01
 1918   1.45900       1.58300     -0.389000       2.07400       1.08800     -0.783000      -1.37900     -0.642000     -0.852000     -0.621000      0.210000E-01  -1.00400       1.81300      0.924333     -0.934667     -0.484000       1.41583     -0.823333E-01  0.462500E-01   1.66892     -0.464500E-01  0.136050     -0.118900     -0.152650      0.150600      0.546600      0.553150      0.670000E-01  0.186950      0.182500E-01 -0.720000E-01  0.569200      0.165633     -0.403167E-01  0.388917      0.444000E-01  0.349084E-01  0.225275      0.153150      0.133883    
 1919  -1.62100      -1.19400      -1.56500     -0.372000     -0.955000      -1.46300     -0.870000     -0.900000     -0.592000      -1.25500      -1.22900      -1.11600      -1.27300     -0.964000      -1.07767      -1.02533     -0.997333     -0.858667      -1.09433     -0.970583      0.490000E-02  0.175250     -0.115550     -0.567000E-01  0.298400      0.741900      0.591350      0.142100      0.272500      0.100850     -0.530001E-02  0.635950      0.249783      0.420500E-01  0.491783      0.122683      0.966750E-01  0.331592      0.232138      0.197563    
 1920  0.176000     -0.292000     -0.626000     -0.980000E-01 -0.398000      0.399000      0.922000      0.442000      0.468000     -0.687000     -0.194000      0.991000     -0.410667     -0.374000      0.587667     -0.137667     -0.723667      0.289167      0.919167E-01 -0.566750      0.170450      0.257200      0.468500E-01  0.107800      0.342850      0.741150      0.487050      0.151250      0.283350      0.464000E-01  0.108050      0.557450      0.354533      0.165833      0.459817      0.145933      0.201000      0.352242      0.274988      0.283646    
 1921   1.09100      0.585000       1.07200      -1.27900     -0.110000E-01   4.07300      0.290000     -0.878000      0.456000      0.974000      0.758000      0.815000      0.889000     -0.726667E-01   1.16167      0.729333      0.476333      0.441833      0.662167      0.622750      0.274200      0.296500      0.207150      0.218500      0.231400      0.476550      0.162000     -0.973500E-01  0.168300     -0.815500E-01  0.111650      0.411500      0.376050      0.219017      0.180400      0.661333E-01  0.248292      0.193233      0.198238      0.278154    
 1922  0.785000      0.773000      0.481000     -0.688000     -0.762000      0.449000      0.233000     -0.276000      0.463000      0.551000      0.758000       1.20700      0.791000     -0.323000      0.135333      0.590667      0.764333     -0.968333E-01  0.331167      0.287750      0.218000      0.196000      0.165550      0.887500E-01  0.106950      0.313100     -0.104000     -0.430600      0.749999E-02 -0.190400     -0.658500E-01  0.277200      0.275167      0.120417     -0.738333E-01 -0.829167E-01  0.170192     -0.305004E-02  0.485167E-01  0.146908    
 1923  0.561000      0.336000      0.844000      0.809000     -0.110000E-01 -0.174000      -1.11500      -2.14000      -1.45700     -0.721000      -1.40700      0.130000      0.701333      0.547333      -1.14300      -1.19500      0.709500     -0.681333     -0.362083      0.441750      0.869000E-01  0.115700      0.252750     -0.346000E-01 -0.403500E-01  0.220900     -0.169050     -0.570350     -0.585000E-01 -0.224150     -0.198650      0.305100      0.159933      0.592667E-01 -0.172833     -0.160433      0.793833E-01 -0.108658     -0.261917E-01  0.792916E-02
 1924 -0.681000      0.600000E-02  0.111000      -1.95400       1.18900      0.845000      0.781000      0.882000      0.744000      0.626000       1.02200      0.482000     -0.181667     -0.218000      0.836000      0.797333     -0.427000      0.414500      0.337750     -0.599500      0.120950      0.228300      0.439600     -0.187500E-01 -0.111250      0.278850     -0.472500E-01 -0.462000      0.472500E-01 -0.519000E-01 -0.800500E-01  0.497850      0.218117      0.103200     -0.768000E-01 -0.282333E-01  0.111858     -0.521917E-01  0.701333E-01  0.184166E-02
 1925  0.544000       1.22400       1.52200       1.48400     -0.297000     -0.819000      -1.31300      -1.24100     -0.657000      -1.49600     -0.968000     -0.892000      0.750000      0.903000      -1.12433      -1.04033      0.903333     -0.473833     -0.242417      0.682917      0.345400      0.421100      0.571450      0.171000E-01 -0.800000E-01  0.293300     -0.594500E-01 -0.466850      0.138500E-01  0.108400      0.539000E-01  0.517100      0.421450      0.169517     -0.776667E-01  0.587166E-01  0.283975     -0.470084E-01  0.144608      0.122688    
 1926 -0.619000      -1.55600      -1.64600     -0.752000     -0.284000      -1.04700     -0.860000E-01 -0.920000      0.117000      0.244000      0.710000E-01  0.587000      -1.02233     -0.894000     -0.684333      0.144000      -1.19617     -0.495333     -0.490917      -1.03925      0.378950      0.360350      0.573350      0.124650      0.470000E-01  0.139350     -0.910500E-01 -0.489500     -0.506500E-01  0.670000E-01  0.225000E-01  0.453550      0.418800      0.248333     -0.147067      0.129500E-01  0.332008     -0.533667E-01  0.127958      0.149217    
 1927  0.513000      0.600000E-02   1.84100      0.746000      0.624000      0.913000      0.167000     -0.749000     -0.730000E-01 -0.550000     -0.914000      0.747000      0.368667       1.07033      0.110333     -0.512333      0.543667      0.271333      0.272583      0.388000      0.327100      0.194200      0.481800      0.140450      0.172950      0.117000E-01 -0.144350     -0.502000     -0.122100     -0.937000E-01 -0.102300      0.405250      0.324950      0.265067     -0.211550     -0.106033      0.257692     -0.738917E-01  0.640833E-01  0.103338    
 1928  -1.21900      0.955000       1.37600       1.44200     -0.850000E-01  -1.15100     -0.200000E-01  0.795000      0.744000      0.766000      0.212000       1.20400      0.161000      0.911000     -0.125333      0.574000      0.658334E-01  0.287500      0.418250     -0.450001E-02  0.209200      0.137750      0.362050      0.202500E-01  0.252850     -0.491500E-01 -0.157550     -0.437900     -0.107150     -0.110850     -0.739500E-01  0.391450      0.250733      0.211717     -0.214867     -0.973167E-01  0.153042     -0.797750E-01  0.364167E-01  0.311458E-01
 1929   1.73800       1.68600      0.407000      0.577000      -1.20000      0.640000E-01  0.207000     -0.170000     -0.730000E-01  0.803000      0.952000      0.531000       1.54267     -0.720000E-01  0.336667E-01  0.560667       1.00217     -0.991667E-01  0.460167      0.581083      0.185150      0.134550      0.291100      0.133150      0.193050     -0.606000E-01 -0.107100     -0.508900     -0.953000E-01 -0.783500E-01  0.324500E-01  0.382400      0.237050      0.205767     -0.225533     -0.470667E-01  0.136242     -0.742833E-01  0.418000E-01  0.317042E-01
 1930   1.30600      0.684000      0.390000E-01 -0.330000      0.472000     -0.839000     -0.399000     -0.385000     -0.719000      0.461000      0.304000     -0.271000      0.840333      0.603333E-01 -0.541000      0.153333E-01  0.719167     -0.366667      0.269167E-01  0.298500      0.254950      0.421000E-01  0.263850      0.207000      0.874500E-01 -0.270000E-01 -0.665500E-01 -0.613100     -0.102350      0.140000E-01  0.105550      0.356150      0.226483      0.186100     -0.235550      0.573335E-02  0.149567     -0.857583E-01  0.435042E-01  0.377958E-01
 1931  0.632000      -1.60600      0.445000       1.10400       1.65900       2.23200      0.979000     -0.504000      0.353000      -1.00200     -0.368000      0.806000     -0.415000       1.06933      0.902333     -0.339000     -0.583332E-02  0.970500      0.394167      0.288083      0.275500      0.286000E-01  0.332900      0.329350      0.106650      0.268000E-01  0.239500E-01 -0.554800     -0.342500E-01  0.100800      0.881500E-01  0.341900      0.220083      0.256300     -0.168017      0.515667E-01  0.185450     -0.170500E-01  0.887958E-01  0.661250E-01
 1932  0.207000     -0.359000     -0.723000      -2.75500      0.870000E-01 -0.263000      -1.52200     -0.900000     -0.863000     -0.687000     -0.612000      0.250000      0.218000      -1.13033     -0.895000     -0.720667     -0.239833      -1.03600     -0.678333     -0.295167      0.312850      0.742000E-01  0.353500      0.479100      0.112700      0.262000E-01  0.149000E-01 -0.510950     -0.227500E-01  0.908000E-01  0.301000E-01  0.305600      0.242983      0.315100     -0.156617      0.327167E-01  0.211900      0.165333E-01  0.105521      0.110358    
 1933  -1.21900      0.339000     -0.347000      0.472000      0.738000     -0.679000      0.376000     -0.234000      0.168000      0.174000      0.530000      0.811000     -0.210000      0.287667     -0.179000      0.290667     -0.379333      0.140167      0.940833E-01 -0.419167      0.433150      0.685002E-02  0.192800      0.397850      0.154250      0.149600      0.743500E-01 -0.440900     -0.199000E-01  0.128650      0.388500E-01  0.311350      0.248533      0.248300     -0.723167E-01  0.492000E-01  0.176550      0.525417E-01  0.118908      0.103517    
 1934  0.618000     -0.610000E-01 -0.117000      0.641000     -0.756000       1.12100      0.299000      -2.44400     -0.644000      0.381000       1.21300     -0.380000      0.456000     -0.773333E-01 -0.341333      0.316667      0.325833     -0.297167     -0.107500E-01  0.272583      0.531850     -0.820000E-01  0.133050      0.372550      0.272400      0.286050      0.200300     -0.415400     -0.666500E-01  0.332000E-01 -0.711000E-01  0.242150      0.253733      0.259333      0.236500E-01 -0.348500E-01  0.176958      0.108208      0.119700      0.133858    
 1935  0.641000     -0.558000       1.20500      0.366000     -0.464000     -0.423000     -0.200000E-01  0.100000E-02  0.590000      0.596000      0.303000     -0.555000     -0.990000E-01  0.369000     -0.147333      0.496333      0.417000      0.833334E-02  0.140167     -0.673333E-01  0.463800     -0.195700      0.101000      0.369450      0.234250      0.182050      0.176750     -0.498550     -0.171900     -0.205400     -0.220750      0.654999E-02  0.170083      0.234900     -0.465833E-01 -0.199350      0.955583E-01  0.486750E-01  0.201292E-01  0.897792E-01
 1936 -0.305000     -0.440000E-01  0.520000E-01   2.81300      0.267000     -0.367000      0.431000     -0.996000      0.232000     -0.112000      -1.54800     -0.350000E-01 -0.301333       1.04400     -0.310667     -0.476000      0.783332E-02  0.396667      0.323333E-01  0.277583      0.307550     -0.257600     -0.566000E-01  0.223950      0.206000E-01 -0.106400     -0.272000E-01 -0.669450     -0.292250     -0.382700     -0.310800     -0.242600      0.188333E-01  0.626500E-01 -0.267683     -0.328583     -0.710417E-01 -0.141792     -0.149458     -0.651500E-01
 1937  0.946000     -0.594000      0.555000      0.176000      0.194000      0.221000     -0.531000      0.204000      0.420000E-01 -0.394000     -0.456000      0.643000      0.105667      0.308333     -0.353333E-01 -0.269333     -0.131333      0.510000E-01  0.838333E-01 -0.441667E-01  0.133650     -0.265100     -0.149300      0.220750     -0.918000E-01 -0.259400     -0.103800     -0.694200     -0.267300     -0.377750     -0.348500     -0.277600     -0.124683     -0.678332E-02 -0.352467     -0.331183     -0.202808     -0.199292     -0.206696     -0.194683    
 1938  0.754000      0.208000     -0.552000      0.387000       1.17600       2.00900       1.86700       1.24300      0.686000       1.36700     -0.710000E-01   1.42300      0.535000      0.337000       1.70633      0.660667      0.338333E-01   1.22800      0.874750      0.290833      0.152800     -0.244200     -0.121200      0.388350     -0.108100     -0.228800     -0.353000E-01 -0.588050     -0.165450     -0.277600     -0.365750     -0.312200     -0.123000      0.530167E-01 -0.284050     -0.269600     -0.202742     -0.122892     -0.158792     -0.185858    
 1939   1.73900      0.656000       1.14000       1.12600     -0.980000E-01 -0.367000      0.839000     -0.108000     -0.950000      -1.70700     -0.964000      -1.07200       1.27267      0.722667      0.121333      -1.20700       1.04233      0.736667E-01  0.195000E-01  0.892583      0.179150     -0.197450     -0.602500E-01  0.385100     -0.938500E-01 -0.337650     -0.963500E-01 -0.413100     -0.104450     -0.317150     -0.483950     -0.368300     -0.110167      0.770000E-01 -0.282367     -0.301850     -0.172350     -0.110050     -0.159021     -0.155775    
 1940 -0.560000E-01 -0.560000      -1.33500     -0.941000      -1.39300      -2.48800      -1.50200      -2.11000      -1.94700      -1.80100     -0.773000      -3.38000     -0.562667      -1.22300      -2.03333      -1.50700     -0.949000      -1.73017      -1.52383     -0.894583      0.902500E-01 -0.124750     -0.249500E-01  0.271150     -0.309500E-01 -0.363100     -0.133200     -0.231300     -0.508000E-01 -0.406950     -0.623900     -0.271700     -0.134267      0.717500E-01 -0.242533     -0.360550     -0.204808     -0.897000E-01 -0.158350     -0.163804    
 1941  -1.13100      -1.60000      -1.33300      -1.19500     -0.749000      -1.88800      -1.99700      -2.19700     -0.826000      -2.28600      -1.09200      -1.06800      -2.03700      -1.09233      -2.02733      -1.40133      -1.66967      -1.47533      -1.44683      -1.61742      0.789000E-01 -0.532000E-01 -0.405500E-01  0.243500E-01 -0.795500E-01 -0.349900     -0.183500     -0.160150     -0.130550     -0.489800     -0.596400     -0.246250     -0.820000E-01 -0.319167E-01 -0.231183     -0.405583     -0.219567     -0.146550     -0.185550     -0.178150    
 1942  -1.50800     -0.515000     -0.799000     -0.520000      0.247000      0.797000     -0.780000E-01  0.298000      0.815000      0.696000     -0.642000       1.42400      -1.03033     -0.357333      0.339000      0.289667      -1.21133      0.259833      0.179167E-01 -0.980333     -0.105001E-02 -0.348000E-01 -0.338000E-01 -0.204500     -0.224350     -0.400500     -0.178800     -0.119450     -0.168150     -0.551250     -0.470950     -0.288800     -0.940334E-01 -0.154217     -0.232917     -0.396783     -0.233683     -0.215958     -0.223033     -0.225471    
 1943  0.879000      0.913000      0.291000       1.58900      0.252000      -1.12700      0.302000      0.691000      0.527000      0.794000      0.215000      -1.05500       1.07200      0.710667     -0.446667E-01  0.512000      0.593500      0.372333      0.355917      0.442500     -0.139150     -0.640000E-01 -0.760001E-02 -0.247700     -0.337750     -0.541700     -0.191900     -0.186250     -0.187700     -0.590600     -0.397650     -0.404500     -0.163983     -0.197683     -0.306617     -0.391983     -0.253625     -0.282167     -0.274708     -0.259608    
 1944 -0.953000      0.300000      0.464000     -0.541000      0.150000E-01 -0.608000     -0.848000      0.130000      0.217000      -1.03000     -0.836000      0.364000     -0.569333     -0.206667E-01 -0.442000     -0.549667     -0.391667E-01 -0.272500     -0.277167      0.125833E-01 -0.328350     -0.125000     -0.423000E-01 -0.296200     -0.408600     -0.741700     -0.329900     -0.302050     -0.204050     -0.527500     -0.374900     -0.419550     -0.285950     -0.249033     -0.457883     -0.368817     -0.314733     -0.380417     -0.341675     -0.325062    
 1945  0.434000      0.535000       1.33000     -0.731000      0.230000E-01  0.797000      0.390000       1.06300      0.802000      0.211000     -0.447000      0.633000      0.444333      0.207333      0.750000      0.188667      0.132833      0.390667      0.420000      0.320833E-01 -0.428800     -0.482500E-01  0.815500E-01 -0.207650     -0.340550     -0.526050     -0.197350     -0.165800     -0.191500E-01 -0.248750     -0.281700     -0.354500E-01 -0.298867     -0.155550     -0.296400     -0.183200     -0.286242     -0.242758     -0.201496     -0.302308    
 1946 -0.325000      0.294000     -0.385000      -1.02600      -1.19200      -1.32300     -0.985000     -0.635000      -1.57500      -1.38400     -0.248000     -0.714000      0.200667     -0.867667     -0.981000      -1.06900     -0.316666E-02  -1.12267     -0.791500     -0.108750     -0.276650      0.162500      0.269050     -0.684500E-01 -0.270400     -0.180500      0.179500E-01  0.692000E-01  0.927000E-01 -0.322500E-01 -0.193050      0.264950     -0.498667E-01 -0.232667E-01 -0.311167E-01 -0.442000E-01 -0.685000E-01 -0.565833E-01 -0.120792E-01 -0.109387    
 1947 -0.633000     -0.564000       1.12700     -0.562000      -1.24300      0.165000      0.979000      0.657000       1.09700     -0.351000      0.753000      0.471000     -0.637000     -0.226000      0.600333      0.499667     -0.402667      0.182167      0.158000     -0.604250     -0.124950      0.250650      0.339150     -0.705500E-01 -0.276550     -0.113200      0.807500E-01  0.107550      0.229000E-01 -0.188500E-01 -0.166800      0.132100      0.130217     -0.264999E-02  0.250333E-01 -0.542500E-01  0.840834E-01 -0.415167E-01  0.135167E-01  0.186708E-01
 1948 -0.429000     -0.406000     -0.600000      0.261000      0.345000     -0.759000      0.950000E-01 -0.546000     -0.760000      0.537000      0.186000     -0.719000     -0.121333      0.199999E-02 -0.403333     -0.123333E-01 -0.936667E-01 -0.227333     -0.232917      0.168167     -0.133600      0.153600      0.324050     -0.169650     -0.403950     -0.814000E-01  0.922000E-01 -0.556500E-01 -0.123800     -0.966500E-01 -0.174850      0.131000E-01  0.507000E-01 -0.831833E-01 -0.149500E-01 -0.131767      0.484167E-01 -0.123708     -0.547167E-01 -0.127750E-01
 1949 -0.862000      0.500000E-01  0.494000      0.282000     -0.684000      -1.59900     -0.149000     -0.635000      0.169000      0.385000     -0.766000      0.769000     -0.510333      0.306667E-01 -0.794333     -0.706667E-01 -0.523333E-01 -0.436000     -0.212167     -0.293833     -0.951500E-01  0.312000E-01  0.231650     -0.210700     -0.545850     -0.429500E-01  0.134700     -0.146350     -0.220250     -0.897500E-01 -0.153900      0.828500E-01 -0.169500E-01 -0.174967     -0.182000E-01 -0.154633     -0.151166E-01 -0.171900     -0.853750E-01 -0.814542E-01
 1950  0.536000       1.58100       1.78800       1.67400      0.554000       3.05700       2.13700       1.14200      0.632000       1.68200      0.893000       2.46100      0.962000       1.33867       2.11200       1.06900      0.715500       1.53267       1.51142      0.746917     -0.745000E-01  0.288000E-01  0.133000     -0.167400     -0.496650      0.415000E-02  0.265450     -0.921000E-01 -0.193050      0.311500E-01 -0.125500E-01  0.144200      0.123833E-01 -0.177017      0.591667E-01 -0.581500E-01 -0.122500E-01 -0.113267     -0.357917E-01 -0.804417E-01
 1951   1.32000      0.474000     -0.706000      -1.02600      -1.29300     -0.522000      -1.33000     -0.749000      -1.16800      -1.43900     -0.985000     -0.901000       1.41833      -1.00833     -0.867000      -1.19733       1.02067      -1.01467     -0.693750      0.599500     -0.560500E-01  0.107750      0.136800     -0.672000E-01 -0.322350      0.174600      0.444300      0.795000E-02 -0.816000E-01  0.261550      0.969000E-01  0.243150      0.653000E-01 -0.842500E-01  0.208950      0.922833E-01  0.585500E-01  0.259500E-01  0.788167E-01  0.972083E-02
 1952 -0.925000     -0.826000     -0.240000E-01 -0.731000      0.668000      0.777000      0.511000     -0.383000     -0.239000      0.117000     -0.224000      -1.40000     -0.884000     -0.290000E-01  0.301667     -0.115333     -0.850000      0.100500     -0.223250     -0.636083      0.713500E-01  0.158350      0.125950      0.678000E-01 -0.187500      0.277000      0.512850      0.544998E-02 -0.104950      0.440000      0.158000E-01  0.282850      0.157617      0.208334E-02  0.265100      0.116950      0.159542      0.951083E-01  0.138746      0.123767    
 1953  0.123000     -0.717000     -0.786000     -0.182000      -2.71700     -0.471000     -0.580000E-01  -1.89200      -1.35300     -0.183000     -0.364000     -0.611000     -0.664667      -1.22833     -0.807000     -0.633333     -0.481167      -1.11217     -0.767583     -0.530667      0.515000E-01  0.150000      0.654500E-01  0.868000E-01 -0.271100      0.275050      0.479550     -0.179500E-01 -0.189300      0.398450     -0.123200      0.231450      0.161450     -0.396167E-01  0.245550      0.286500E-01  0.167600      0.605083E-01  0.947250E-01  0.125808    
 1954  0.572000     -0.518000     -0.307000      0.409000      0.146000     -0.495000      0.362000      0.899000      0.168000      0.850000E-01  0.162000       1.31500     -0.185667      0.826667E-01  0.255333      0.138333     -0.235167      0.248167      0.233167     -0.387833     -0.255500E-01  0.541500E-01  0.937000E-01  0.783500E-01 -0.316750      0.331900      0.470500      0.433000E-01 -0.177200      0.341450     -0.797000E-01  0.227800      0.866833E-01 -0.482333E-01  0.281900      0.281833E-01  0.104833      0.716833E-01  0.868292E-01  0.829000E-01
 1955 -0.678000       1.30500      0.128000     -0.815000      0.876000       1.62600       1.79500       1.37900       1.39500       1.51400       1.38200      0.909000      0.647333      0.630000E-01   1.60000       1.43033      0.386167       1.04267      0.901333      0.452750     -0.585500E-01 -0.114600      0.420000E-01  0.372000E-01 -0.288150      0.187700      0.372700      0.104000E-01 -0.184850      0.245300     -0.107000E-01  0.138700      0.182167E-01 -0.696500E-01  0.190267      0.165833E-01  0.597334E-01  0.225000E-01  0.314292E-01  0.526459E-01
 1956   1.15600       1.10300      0.893000       1.06200       1.44100       1.25700       1.18700       1.05000      0.610000E-01   1.92100      0.112000      0.989000       1.05600       1.13200       1.16467      0.698000       1.15950       1.00967       1.01933       1.27383     -0.175150     -0.200450     -0.112050      0.101550     -0.227050      0.110500E-01  0.366400      0.895001E-02 -0.120050      0.186850      0.581500E-01  0.157850     -0.789667E-01 -0.791833E-01  0.128800      0.416500E-01 -0.190583E-01  0.234750E-01  0.467085E-02 -0.254583E-02
 1957  0.434000     -0.361000     -0.368000      0.500000E-01  -1.17900     -0.367000      0.178000      -1.07800      -1.00600     -0.870000E-01  -1.22900     -0.438000      0.354000     -0.499000     -0.422333     -0.774000      0.454500     -0.567000     -0.454250      0.294083     -0.130550     -0.174300     -0.215300      0.261900     -0.131600     -0.960002E-02  0.414700      0.703500E-01 -0.181000E-01  0.263850      0.166250      0.333500     -0.490000E-01 -0.283334E-01  0.158483      0.137333     -0.195500E-01  0.979416E-01  0.692583E-01  0.215583E-01
 1958  -1.89300     -0.776000     -0.315000      0.290000E-01  -1.39100     -0.266000      0.230000      0.721000     -0.344000     -0.558000     -0.612000     -0.838000      -1.03567     -0.559000      0.228333     -0.504667     -0.789667     -0.170167     -0.501083     -0.689333      0.353000E-01 -0.104800     -0.157900      0.348400      0.330000E-01 -0.714500E-01  0.383600      0.175400      0.579000E-01  0.241750      0.162800      0.361550      0.880000E-01  0.745000E-01  0.162517      0.154150      0.893667E-01  0.154475      0.122129      0.109425    
 1959 -0.939000      -1.49700      0.774000      0.345000      0.139000     -0.955000     -0.465000     -0.677000     -0.500000E-02  0.340000      0.902000      0.815000      -1.09133      0.419333     -0.699000      0.412333     -0.611667     -0.269667     -0.101917     -0.294500      0.142500E-01 -0.364500E-01 -0.347000E-01  0.451700      0.167550     -0.523000E-01  0.392700      0.269450      0.151650      0.236800      0.123500      0.234050      0.113117      0.194850      0.203283      0.170650      0.118200      0.230125      0.159850      0.157754    
 1960 -0.470000E-01 -0.247000      0.474000      0.788000      0.303000     -0.471000      0.497000      0.526000      0.653000     -0.196000      0.605000      0.633000      0.173667      0.521667      0.184000      0.354000      0.372833      0.382667      0.293167      0.142500     -0.328500E-01 -0.818000E-01  0.219000E-01  0.493850      0.113800     -0.154600      0.199700      0.153300      0.671500E-01  0.158900     -0.495000E-01  0.992500E-01  0.398000E-01  0.209850      0.661333E-01  0.588500E-01  0.836000E-01  0.145533      0.824250E-01  0.147371    
 1961 -0.429000      0.585000      -2.47300       1.14700      0.180000     -0.527000      0.184000     -0.162000      0.107000     -0.730000      0.680000       1.31000      0.263000     -0.382000     -0.168333      0.190000E-01 -0.212500      0.154833     -0.106667E-01  0.100083     -0.150650     -0.228550     -0.104400      0.369450     -0.395000E-01 -0.373150     -0.729000E-01 -0.269500E-01 -0.883000E-01 -0.900000E-01 -0.227200     -0.249000E-01 -0.933167E-01  0.751833E-01 -0.157667     -0.135167     -0.458250E-01 -0.385584E-01 -0.880875E-01  0.850000E-02
 1962   1.71600     -0.414000     -0.322000      0.303000       1.10400      0.369000     -0.370000E-01  0.258000      0.525000      0.948000      0.273000     -0.980000E-01  0.870667      0.361667      0.196667      0.582000      0.373333      0.420333      0.385417      0.345417     -0.221700     -0.232500     -0.185600      0.262950     -0.108650     -0.376800     -0.139850      0.585001E-02 -0.310500E-01 -0.206400     -0.209800     -0.121650     -0.159700     -0.104333E-01 -0.170267     -0.149083     -0.163650     -0.645917E-01 -0.130433     -0.116046    
 1963  0.799000      0.261000      0.660000      0.514000      0.139000      -1.30000     -0.132000     -0.432000     -0.597000      -1.45600     -0.930000      -1.35200      0.320667      0.437667     -0.621333     -0.994333      0.473833     -0.301333     -0.318833      0.245167     -0.489000E-01 -0.770500E-01 -0.146850      0.237600      0.601500E-01 -0.247850     -0.113150      0.354500E-01  0.405000E-01 -0.200250     -0.168200     -0.904000E-01 -0.825333E-01  0.503000E-01 -0.108517     -0.109317     -0.135108      0.211666E-02 -0.599125E-01 -0.771500E-01
 1964 -0.525000     -0.129000      0.711000       1.77900     -0.190000E-01  0.717000      0.618000       1.32000       1.28700       1.25900     -0.580000E-01 -0.494000     -0.668667      0.823667      0.885000      0.829333     -0.613500      0.950333      0.538833     -0.197083      0.485500E-01  0.326000E-01 -0.198900      0.158500      0.144500     -0.135100     -0.994000E-01 -0.123000E-01 -0.149500E-01 -0.274750     -0.213650     -0.708000E-01 -0.308332E-02  0.347000E-01 -0.822667E-01 -0.167783     -0.961000E-01  0.687500E-02 -0.529750E-01 -0.371583E-01
 1965 -0.523000      0.900000E-02  0.242000      -1.34200     -0.340000E-01  -1.63200      -2.32100      -1.36500      -1.41400      -1.21800      -1.85800      0.220000E-01 -0.336000     -0.378000      -1.77267      -1.49667      0.725000E-01  -1.35133     -0.952833      0.543333E-01 -0.327500E-01  0.162000E-01 -0.259700      0.288000E-01  0.854500E-01 -0.249000E-01 -0.163350     -0.248500E-01 -0.435000E-01 -0.312650     -0.205350     -0.394500E-01 -0.291167E-01 -0.484834E-01 -0.710333E-01 -0.187167     -0.139242     -0.237250E-01 -0.813375E-01 -0.727292E-01
 1966  -1.35500     -0.536000      -1.74700     -0.899000     -0.715000      0.144000     -0.149000      0.189000     -0.239000     -0.325000     -0.202000     -0.607000     -0.623000      -1.12033      0.613333E-01 -0.255333      -1.11533     -0.278167     -0.536750      -1.10517     -0.601000E-01  0.104500E-01 -0.580500E-01  0.330000E-01  0.107300      0.864500E-01 -0.215050      0.432500E-01  0.529500E-01 -0.141700     -0.149350     -0.377500E-01 -0.297000E-01  0.274167E-01 -0.284500E-01 -0.793667E-01 -0.110858      0.179833E-01 -0.273833E-01 -0.558417E-01
 1967   1.52400       1.19900      0.648000     -0.119000     -0.406000      0.673000      0.175000      0.439000      0.439000     -0.169000     -0.567000     -0.777000      0.705333      0.410000E-01  0.429000     -0.990000E-01  0.372833      0.200167      0.254917      0.182167     -0.963500E-01  0.107650      0.186900      0.667500E-01  0.111000E-01  0.208000E-01 -0.306250      0.537500E-01  0.231000E-01 -0.121700     -0.188450     -0.164600     -0.881665E-02  0.882500E-01 -0.772333E-01 -0.956834E-01 -0.217667E-01 -0.217917E-01 -0.339417E-01 -0.125667E-01
 1968  0.473000      0.773000     -0.556000     -0.309000       1.21200       1.27300      0.767000     -0.204000     -0.358000     -0.353000     -0.442000      0.126000      0.156333      0.115667      0.612000     -0.384333     -0.137167      0.396833      0.200167      0.200500     -0.227100      0.756500E-01  0.173200     -0.155000E-01 -0.114550      0.443000E-01 -0.358700      0.656500E-01  0.164000E-01 -0.110500     -0.324500E-01 -0.775000E-01 -0.105350      0.143834E-01 -0.829167E-01 -0.421834E-01 -0.755000E-01 -0.604000E-01 -0.467583E-01 -0.640125E-01
 1969  -1.35600     -0.853000     -0.260000E-01 -0.899000     -0.777000     -0.239000     -0.727000     -0.707000      -1.10000      -1.35500     -0.177000      0.243000     -0.694333     -0.567333     -0.557667     -0.877333     -0.484000     -0.741500     -0.664417     -0.384500     -0.154100      0.701000E-01  0.206700     -0.851000E-01 -0.460500E-01  0.141600     -0.290250      0.107950      0.103600     -0.220000E-01  0.138150      0.957000E-01 -0.538333E-01  0.251833E-01 -0.135667E-01  0.732500E-01 -0.162917E-01 -0.113750E-01  0.221917E-01 -0.303292E-01
 1970  -1.25600      -1.21900      0.580000E-01 -0.562000      0.380000E-01   1.01700     -0.520000      0.305000       1.17700      0.741000       1.85000       1.83200     -0.744000     -0.155333      0.267333       1.25600     -0.617667      0.242500      0.288417     -0.478917     -0.248000E-01  0.173400      0.321050      0.309000E-01  0.440000E-01  0.278650     -0.372000E-01  0.239450      0.275650      0.956000E-01  0.275100      0.214800      0.814334E-01  0.131983      0.160300      0.215450      0.113583      0.138575      0.157217      0.796958E-01
 1971  0.233000       1.44200       1.97600       2.58100      0.882000      0.212000      0.167000       1.42100       1.51200       1.75200      0.555000      0.145000       1.16900       1.81300      0.600000       1.27300       1.34567       1.12917       1.07317       1.05925      0.972000E-01  0.281950      0.519750      0.229150      0.132000      0.429350      0.130850      0.326800      0.401250      0.262750      0.478450      0.322750      0.197983      0.293633      0.295667      0.380817      0.247400      0.274900      0.301021      0.229400    
 1972  0.329000      0.673000      0.128000     -0.456000      -1.52200      -1.68300      -1.84400      -1.11500      -1.47700      -1.13400     -0.384000      -1.47000      0.382333     -0.616667      -1.54733     -0.998333      0.597000      -1.34950     -0.829583      0.251750      0.128450      0.340400      0.581300      0.233400      0.153850      0.264200     -0.499999E-02  0.151350      0.279350      0.224650      0.477150      0.306550      0.263867      0.322850      0.136850      0.327050      0.352350      0.179525      0.261304      0.302038    
 1973 -0.429000      -1.46600     -0.640000E-01 -0.372000      0.252000       1.22200      0.626000       1.17900       1.27100      0.850000       2.84700       1.76200      -1.12167     -0.613333E-01   1.00900       1.65600     -0.824500      0.696333      0.639833     -0.690083     -0.150500E-01  0.142550      0.475700      0.152250      0.129200      0.706500E-01 -0.983000E-01  0.745000E-01  0.230900      0.143450      0.435750      0.267200      0.144683      0.252383      0.156167E-01  0.270033      0.268592      0.932000E-01  0.167400      0.199113    
 1974   2.16300       1.48700       2.10500       1.27300       1.23800      0.141000       1.22900      0.555000       1.16300      0.723000     -0.423000     -0.144000       1.80400       1.53867      0.641667      0.487667       1.86900      0.933167      0.959167       1.41183     -0.175000E-01  0.453500E-01  0.439500      0.136450      0.205300      0.680500E-01 -0.112050      0.914500E-01  0.312350      0.172500      0.422050      0.193450      0.983500E-01  0.260417      0.158167E-01  0.302300      0.218958      0.116925      0.163075      0.160888    
 1975 -0.625000      0.459000       1.13500       1.48400      0.510000       1.68500       2.12900       2.03000       2.15100       1.67000       1.24600       2.05400     -0.103333       1.04300       1.94800       1.68900      0.187500       1.66483       1.32733      0.645917      0.104250      0.178500      0.360250      0.974500E-01  0.247750      0.242000E-01 -0.951000E-01  0.741500E-01  0.287250      0.168000      0.284200      0.344500E-01  0.158733      0.235150      0.108335E-02  0.246483      0.238500      0.105950      0.147113      0.174346    
 1976   1.18700       1.18500       1.33400      0.240000      0.501000     -0.159000      -1.23800      -1.45900      -1.29200      0.130000      0.761000     -0.480000       1.47533      0.691667     -0.952000     -0.133667       1.44600     -0.567833      0.591667E-01   1.29733      0.182750      0.143050      0.104850     -0.113450      0.225150     -0.714999E-02 -0.410000E-01  0.524998E-02  0.151900     -0.874997E-02  0.144100     -0.546000E-01  0.120083      0.721833E-01 -0.143000E-01  0.957500E-01  0.152883      0.367833E-01  0.610084E-01  0.107346    
 1977 -0.393000      0.647000      -1.20200      -1.17300      -1.18500      -2.32700      -1.45300      -1.42200     -0.946000      -1.38600      -1.55600      -1.22800     -0.753333E-01  -1.18667      -1.73400      -1.29600     -0.895000E-01  -1.41767      -1.13533     -0.767583      0.211600      0.121500E-01 -0.982000E-01 -0.272700      0.261250      0.605001E-02 -0.800000E-02 -0.122950      0.700500E-01 -0.185100     -0.231000E-01 -0.919000E-01  0.563833E-01 -0.365500E-01 -0.416333E-01 -0.460500E-01  0.343834E-01 -0.110500E-01 -0.200708E-01  0.264208E-01
 1978 -0.480000      -2.63200     -0.818000     -0.878000       1.49800      0.402000      0.529000      0.120000      0.580000E-01 -0.760000     -0.281000     -0.210000      -1.44667     -0.660000E-01  0.350333     -0.327667      -1.35000      0.288167     -0.287667     -0.908250      0.918500E-01 -0.123050     -0.261550     -0.324350      0.327350     -0.124500     -0.768000E-01 -0.277500      0.199000E-01 -0.264100     -0.314400     -0.238650     -0.410334E-01 -0.861833E-01 -0.159600     -0.186200     -0.988083E-01 -0.759833E-01 -0.130483     -0.646042E-01
 1979 -0.452000      0.608000     -0.488000     -0.646000      0.459000      0.580000     -0.764000     -0.692000      0.113000     -0.367000     -0.612000     -0.896000     -0.180000E-01 -0.225000     -0.292000     -0.288667     -0.263833     -0.158333     -0.263083     -0.402500E-01 -0.164600     -0.275550     -0.568700     -0.420300      0.290500     -0.282800     -0.198700     -0.377550     -0.476000E-01 -0.356100     -0.435500     -0.339850     -0.226267     -0.232833     -0.286350     -0.279733     -0.304333     -0.172742     -0.264729     -0.214417    
 1980  0.275000     -0.170000E-01  -1.06500      -1.59500     -0.349000     -0.679000     -0.144000     -0.560000E-01 -0.538000     -0.337000     -0.472000     -0.209000     -0.212667      -1.00300     -0.293000     -0.449000     -0.447000     -0.560167     -0.432167     -0.554000     -0.270550     -0.311800     -0.763050     -0.467750      0.194100     -0.504800     -0.370450     -0.468800     -0.204650     -0.544100     -0.488200     -0.441100     -0.307400     -0.345567     -0.448017     -0.412317     -0.412808     -0.303725     -0.386762     -0.323263    
 1981  0.272000     -0.469000      -2.00900     -0.604000      0.817000       1.28100      0.873000      0.404000      0.520000     -0.705000      0.750000E-01  0.405000     -0.135333     -0.598667      0.852667     -0.366667E-01 -0.537333      0.548500      0.716667E-01 -0.205667     -0.284850     -0.418800     -0.880750     -0.477250      0.104500     -0.600150     -0.412850     -0.506900     -0.273950     -0.645350     -0.684600     -0.595600     -0.381583     -0.417833     -0.506633     -0.534633     -0.509633     -0.361100     -0.473046     -0.422883    
 1982  0.867000     -0.340000E-01  0.520000E-01 -0.456000     -0.735000      -2.48800      -1.89000      -2.66200      -2.12200      -2.20400      -3.24800      -2.47600      0.412667     -0.379667      -2.34667      -2.52467      0.110000      -1.72550      -1.44967     -0.101833     -0.321100     -0.645000     -0.992900     -0.559550      0.115001E-02 -0.559500     -0.357050     -0.488850     -0.244900     -0.590350     -0.727200     -0.625400     -0.520567     -0.517100     -0.468467     -0.520817     -0.647425     -0.368117     -0.509221     -0.516346    
 1983  -3.36200      -3.46300      -3.25500      -1.40500      0.787000     -0.584000     -0.704000     -0.365000      0.913000      0.340000     -0.115000     -0.167000      -3.10033      -1.29100     -0.551000      0.379333      -3.00133     -0.226333     -0.948333      -2.15700     -0.330850     -0.648450     -0.986900     -0.593350     -0.659000E-01 -0.607600     -0.343350     -0.439000     -0.160950     -0.450300     -0.543050     -0.532250     -0.534900     -0.548717     -0.463317     -0.384767     -0.651525     -0.368358     -0.475163     -0.522233    
 1984 -0.330000E-01  0.434000     -0.847000      0.387000     -0.340000E-01  -1.21900      0.121000      0.980000E-01  0.171000     -0.607000      0.117000     -0.239000      0.780000E-01 -0.164667     -0.333333     -0.106333     -0.646667E-01 -0.793333E-01 -0.137583     -0.117500     -0.234200     -0.539400     -0.885850     -0.409900     -0.370000E-01 -0.626100     -0.225900     -0.383350     -0.477000E-01 -0.296150     -0.421450     -0.453450     -0.435283     -0.444250     -0.411783     -0.255100     -0.530842     -0.288325     -0.380037     -0.433446    
 1985 -0.548000      0.787000      0.200000       1.42100     -0.146000      -1.39500     -0.198000      0.662000      0.200000E-02 -0.760000     -0.348000      0.124000      0.993411E-08  0.491667     -0.310333     -0.368667     -0.483333E-01  0.576667E-01 -0.165833E-01 -0.166667E-02 -0.170350     -0.618100     -0.833150     -0.189500      0.100400     -0.583900     -0.104500     -0.422350     -0.395500E-01 -0.239000     -0.420450     -0.448250     -0.413967     -0.307417     -0.370250     -0.233000     -0.465442     -0.206567     -0.330725     -0.343550    
 1986  0.824000      -1.28300     -0.850000E-01  0.113000     -0.635000       1.01400      0.241000     -0.853000     -0.529000      0.535000      -1.57300      -1.64000     -0.111667     -0.202333      0.134000     -0.522333     -0.254667     -0.108167     -0.322583     -0.475000E-01 -0.186150     -0.685900     -0.801350     -0.157850      0.603500E-01 -0.656950     -0.115950     -0.528400     -0.159750     -0.272950     -0.473200     -0.578050     -0.440100     -0.299617     -0.433767     -0.301967     -0.463517     -0.259758     -0.379679     -0.341829    
 1987 -0.755000      -1.40900      -2.02600      -2.69200      -2.11600      -2.68700      -1.81600      -1.66700      -1.12800     -0.691000     -0.740000E-01 -0.664000      -1.26800      -2.27800      -2.05667     -0.631000      -1.14467      -2.01767      -1.47708      -1.29200     -0.363300     -0.715900     -0.913450     -0.285450     -0.280000E-01 -0.727350     -0.100150     -0.469350     -0.158600     -0.306500     -0.395200     -0.611100     -0.552417     -0.408967     -0.432283     -0.286767     -0.552808     -0.294817     -0.422862     -0.430146    
 1988 -0.313000     -0.645000      0.126000     -0.350000E-01   1.08800     -0.200000       1.16600       1.36200       1.91900       1.34600       1.92000       1.08900     -0.540667      0.393000      0.776000       1.72833     -0.376833      0.883333      0.735250     -0.501583     -0.427550     -0.641250     -0.952050     -0.409900     -0.573000E-01 -0.773700     -0.549000E-01 -0.404850     -0.133950     -0.393200     -0.275850     -0.510900     -0.559967     -0.473083     -0.411150     -0.267667     -0.555608     -0.305767     -0.419617     -0.441888    
 1989   1.31400      0.802000      0.589000       2.18000       1.44700      0.812000      0.948000     -0.821000      0.517000      0.610000     -0.381000     -0.619000       1.06833       1.40533      0.313000      0.248667       1.17667      0.847167      0.616500       1.32883     -0.316900     -0.540550     -0.870650     -0.605000     -0.187800     -0.865500     -0.163900     -0.579450     -0.312350     -0.537350     -0.322850     -0.557400     -0.456117     -0.554483     -0.536283     -0.390850     -0.484675     -0.452333     -0.488308     -0.430004    
 1990 -0.214000      -1.78500      -1.08800     -0.130000E-01   1.41100     -0.670000E-01  0.572000     -0.707000     -0.779000     -0.171000     -0.683000     -0.382000     -0.872667      0.103333     -0.673333E-01 -0.544333     -0.579500      0.695000E-01 -0.325500     -0.125167     -0.325850     -0.621700     -0.893900     -0.912950     -0.287700     -0.823350     -0.223350     -0.724350     -0.392150     -0.564850     -0.352400     -0.658000     -0.501650     -0.698183     -0.590350     -0.436467     -0.543175     -0.560642     -0.565046     -0.528229    
 1991  0.445000     -0.570000E-01  -1.35000      -1.55300      -1.74400     -0.792000     -0.720000E-01  -1.06600      -1.64300      -1.55000     -0.769000      -2.01800      0.199999E-02  -1.54900     -0.643333      -1.32067     -0.366333      -1.14500      -1.01408     -0.600083     -0.324300     -0.615250     -0.861500      -1.03000     -0.271100     -0.739900     -0.168900     -0.703800     -0.318950     -0.557450     -0.267500     -0.582600     -0.532517     -0.720867     -0.537533     -0.381300     -0.562717     -0.538775     -0.536771     -0.563096    
 1992  -2.84900      -1.04600      -2.84900      -2.05900      0.590000E-01  -1.82300     -0.629000     -0.110000E-01  0.640000E-01  -2.03000     -0.844000     -0.714000      -1.97100      -1.61633     -0.821000     -0.936667      -1.84683     -0.733167      -1.22758      -1.47375     -0.272300     -0.421400     -0.784350     -0.932950     -0.230700     -0.727250     -0.100650     -0.676850     -0.280900     -0.621000     -0.261050     -0.488100     -0.425433     -0.649333     -0.501583     -0.387650     -0.480933     -0.491550     -0.483125     -0.497346    
 1993 -0.931000     -0.958000      -1.12600      -2.29100     -0.593000      -2.17600      -1.06000      -1.72600     -0.780000      -1.56800     -0.132000      0.750000E-01 -0.867667      -1.33667      -1.65400     -0.826667      -1.10050      -1.43767      -1.10550      -1.01992     -0.330600     -0.357100     -0.909700      -1.01410     -0.291050     -0.681050     -0.390000E-01 -0.735650     -0.346250     -0.687750     -0.368650     -0.499350     -0.391933     -0.738283     -0.485233     -0.467550     -0.494592     -0.517850     -0.521688     -0.501013    
 1994 -0.251000     -0.570000E-01  -1.34800      -2.62900      -1.26400      -1.46300      -1.70300      -2.03300      -1.70400      -1.58200     -0.806000      -1.41100     -0.776667E-01  -1.74700      -1.73300      -1.36400     -0.546833      -1.79933      -1.35425      -1.01692     -0.427850     -0.434950      -1.07180      -1.15640     -0.387350     -0.658800     -0.444500E-01 -0.722900     -0.419850     -0.688000     -0.334300     -0.388250     -0.454050     -0.871850     -0.475383     -0.480717     -0.581725     -0.564958     -0.561242     -0.567817    
 1995 -0.509000     -0.345000      0.236000      -1.72200     -0.914000     -0.308000      0.437000     -0.105000      0.281000     -0.335000     -0.160000E-01 -0.716000     -0.755000     -0.800000      0.800001E-02 -0.233333E-01 -0.736167     -0.388500     -0.334667      -1.06675     -0.380150     -0.295250     -0.963500      -1.07205     -0.487700     -0.739450     -0.111850     -0.623750     -0.361700     -0.619350     -0.119100     -0.231000     -0.354550     -0.841083     -0.491683     -0.366717     -0.508242     -0.566083     -0.500404     -0.544654    
 1996  0.816000     -0.220000E-01  0.527000      0.915000      0.465000       1.59600      0.695000      0.325000      0.656000      0.258000     -0.207000      0.708000      0.260000E-01  0.635667      0.872000      0.235667      0.423333E-01  0.775333      0.561000      0.320250     -0.329150     -0.912500E-01 -0.774500     -0.914950     -0.492100     -0.749850     -0.167600     -0.561600     -0.186350     -0.508800      0.863500E-01 -0.125050     -0.217133     -0.727183     -0.493017     -0.202933     -0.360725     -0.512075     -0.401237     -0.451546    
 1997  0.293000       1.20700      -1.09500      -1.55300      -2.40800      -3.01600     -0.905000      -2.30600      -1.55200      -1.68500      -1.31100      -1.12200      0.736000      -1.68533      -2.07567      -1.51600      0.194000      -1.95667      -1.28775     -0.344750     -0.159850      0.462000E-01 -0.581900     -0.767300     -0.526800     -0.680000     -0.180850     -0.639550     -0.134700     -0.387950      0.169150     -0.106000     -0.795666E-01 -0.625333     -0.500133     -0.117833     -0.207175     -0.488200     -0.329129     -0.344392    
 1998  -2.52700      -1.97500      -3.31200      -2.79700      0.173000       1.05300       1.48800      0.825000       1.03600       1.00500       1.00500       1.32200      -1.87467      -1.97867       1.12200       1.01533      -1.98867      0.296333     -0.225333      -1.52217      0.240000E-01  0.133650     -0.469250     -0.597500     -0.619700     -0.618750     -0.118300     -0.651200     -0.140950     -0.260650      0.172300     -0.926500E-01  0.172167E-01 -0.562150     -0.462750     -0.764333E-01 -0.106067     -0.457733     -0.269917     -0.285621    
 1999   1.58300      0.575000      0.785000       2.09600      0.436000      0.400000E-02  0.517000     -0.290000E-01 -0.720000E-01  0.946000       1.22100       1.37000       1.16000       1.10567      0.164000      0.698333       1.04583      0.492000      0.786000       1.01333      0.249999E-02  0.178150     -0.396700     -0.470950     -0.508450     -0.619750     -0.299999E-02 -0.525650     -0.416000E-01 -0.137550      0.150550     -0.265500E-01  0.293334E-01 -0.458700     -0.382800     -0.953333E-02 -0.661750E-01 -0.361567     -0.199917     -0.242221    
 2000  0.471000       1.23600      0.882000       1.75800      0.415000     -0.872000     -0.345000      0.484000      0.973000      0.866000       2.01900      0.774000       1.02567       1.01833     -0.244333       1.28600       1.02100      0.402167      0.721750      0.653583     -0.146000E-01  0.874500E-01 -0.359750     -0.409800     -0.411600     -0.621350      0.274000E-01 -0.512350      0.308000E-01 -0.700001E-02  0.118000      0.335000E-01  0.154333E-01 -0.393717     -0.368767      0.472667E-01 -0.500750E-01 -0.316150     -0.169942     -0.192787    
 2001  0.780000       1.00200      0.460000     -0.182000     -0.836000     -0.195000     -0.270000      -1.01400      0.112000     -0.376000      0.638000      -1.05500      0.852000     -0.186000     -0.493000      0.124667      0.983500     -0.397500     -0.780000E-01  0.483333      0.450000E-01 -0.494500E-01 -0.345200     -0.371850     -0.509900     -0.729300     -0.713000E-01 -0.659650     -0.293000E-01 -0.230500E-01  0.110800      0.148000E-01  0.968333E-02 -0.408983     -0.486750      0.194833E-01 -0.341917E-01 -0.395217     -0.218200     -0.189196    
 2002  0.202000      0.644000     -0.807000     -0.477000      -1.54300      -1.02300     -0.696000      -1.62200     -0.658000     -0.787000     -0.595000      -1.29600     -0.696666E-01 -0.942333      -1.11367     -0.680000     -0.125667      -1.00317     -0.721500     -0.414083      0.128000E-01 -0.133350     -0.266100     -0.299100     -0.475550     -0.700200     -0.127900     -0.647900     -0.885000E-02 -0.544999E-02  0.230200      0.902000E-01 -0.352500E-01 -0.346917     -0.492000      0.719667E-01 -0.473500E-01 -0.376583     -0.194267     -0.209933    
 2003 -0.305000     -0.899000     -0.915000     -0.477000     -0.849000      -1.75100      0.258000     -0.348000     -0.183000     -0.265000     -0.318000      0.924000     -0.833333     -0.747000     -0.613667     -0.255333     -0.799500     -0.558333     -0.427333     -0.904167      0.159800     -0.114500E-01 -0.900000E-02 -0.713500E-01 -0.391250     -0.578150     -0.169450     -0.541600      0.860000E-01  0.126650      0.368600      0.225950      0.795167E-01 -0.157200     -0.429733      0.193750      0.757167E-01 -0.277633     -0.671042E-01 -0.114258    
 2004  -1.30700      0.774000     -0.108000      -1.91200       1.21700      -1.90800     -0.715000     -0.900000     -0.314000     -0.423000      -1.05500     -0.938000      0.130333     -0.267667      -1.17433     -0.597333     -0.500000E-01 -0.755333     -0.632417     -0.264667      0.326100      0.229700      0.158950      0.446000E-01 -0.477300     -0.636350     -0.250750     -0.579050      0.118550      0.220000E-01  0.305700      0.115350      0.260583     -0.912500E-01 -0.488717      0.148750      0.239325     -0.296717     -0.518750E-01 -0.215125E-01
 2005  0.205000      -2.99000     -0.265000      -1.21600      -1.45800      0.105000      0.570000E-01 -0.972000      0.339000       1.11700     -0.418000      0.120000E-01  -1.24100     -0.979667     -0.270000      0.346000     -0.911000     -0.524167     -0.457000     -0.830333      0.209450      0.128450     -0.475001E-02 -0.749993E-03 -0.520300     -0.603500     -0.152500     -0.542800      0.212850     -0.620000E-01  0.191100      0.106000      0.151083     -0.175267     -0.432933      0.113983      0.129367     -0.267833     -0.865625E-01 -0.883000E-01
 2006   1.29400     -0.115000       1.31900       1.16800     -0.957000     -0.976000     -0.899000      -1.75400     -0.604000      -1.51500      0.510000E-01 -0.394000      0.397000      0.510000      -1.20967     -0.689333      0.534833     -0.670333     -0.281833      0.155667      0.190850      0.429000E-01 -0.375000E-01  0.165900     -0.433350     -0.540350      0.314500E-01 -0.424550      0.337250      0.485500E-01  0.210000      0.387950      0.113250     -0.101650     -0.311150      0.198600      0.718917E-01 -0.143942     -0.174164E-02 -0.715750E-01
 2007 -0.829000     -0.378000     -0.305000     -0.351000     -0.299000      0.138000     -0.443000      0.800000E-02  0.117000      0.440000      0.819000       1.48800     -0.533667     -0.318333     -0.990000E-01  0.458667     -0.561667     -0.138333      0.337500E-01 -0.594917      0.286800      0.773500E-01  0.939500E-01  0.317750     -0.310400     -0.556800      0.127700     -0.326700      0.432400      0.160450      0.294850      0.589450      0.250700      0.337667E-01 -0.251933      0.295900      0.184100     -0.526750E-01  0.989000E-01  0.416083E-01
 2008   1.53500       2.04800       1.04000      0.556000     -0.250000      0.340000      0.195000      0.637000       1.26400       1.52200       1.64300       1.42700       1.69033      0.448667      0.390667       1.47633       1.22833      0.457000      0.996417      0.641500      0.331550      0.774000E-01  0.243050      0.333550     -0.164900     -0.420800      0.180200     -0.276750      0.505700      0.204700      0.394350      0.567000      0.332800      0.137233     -0.172450      0.368250      0.282792      0.261667E-01  0.164588      0.139833    
 2009  0.847000       1.37500     -0.208000       1.06200     -0.862000     -0.447000      0.184000     -0.590000      0.351000      -1.66400     -0.675000     -0.947000       1.21633     -0.266665E-02 -0.284333     -0.662667       1.10100     -0.503333E-01 -0.131167      0.704583      0.466300      0.437500E-01  0.262500      0.493850     -0.102000     -0.188150      0.228450     -0.296900      0.517900      0.179150      0.452450      0.532450      0.359017      0.218117     -0.855333E-01  0.383167      0.323100      0.108858      0.215812      0.212621    
 2010  -1.12600      -1.58900      -1.39900       1.88500      0.853000      0.236000       1.95300       1.77000       2.43600       1.79600       1.62300       2.90400      -1.22067      0.446333       1.31967       1.95167      -1.23333       1.52217      0.945167     -0.373417      0.537450      0.136200      0.126450      0.677350     -0.106000     -0.206700      0.177850     -0.381850      0.401250      0.574999E-02  0.446450      0.495950      0.402033      0.232600     -0.136900      0.284483      0.327358      0.936500E-01  0.192513      0.231521    
 2011   2.00500       2.11600       2.08600       3.02400      0.465000     -0.400000E-01   1.11100      0.650000E-01   1.13700      0.905000       1.41200       2.45400       2.34167       1.85833      0.378667       1.15133       2.08833      0.960333       1.39500       1.84483      0.313100      0.184650     -0.338000E-01  0.536000     -0.266500E-01 -0.226850      0.171650     -0.332700      0.395900     -0.102950      0.421800      0.474700      0.331233      0.158517     -0.129300      0.238250      0.235350      0.862250E-01  0.147904      0.157654    
 2012  0.896000      0.219000      0.196000     -0.646000     -0.385000      -1.50700     -0.152000     -0.744000      0.220000      0.170000      0.328000     -0.775000       1.18967     -0.278333     -0.801000      0.239333       1.01367     -0.535667     -0.181667      0.488083      0.187600      0.882000E-01 -0.101800      0.327150      0.584500E-01 -0.232500      0.303500     -0.216850      0.515250     -0.865263E-01  0.386263      0.452105      0.250167      0.946000E-01 -0.486166E-01  0.269789      0.161258      0.125833      0.144671      0.112958    
 2013 -0.104000     -0.473000       1.06400      0.800000E-02  0.903000       1.45300      0.764000     -0.227000      0.405000     -0.337000      0.749000     -0.460000E-01 -0.450667      0.658333      0.663333      0.272333      0.350000E-01  0.551000      0.346583      0.158167      0.164368     -0.123158E-01 -0.124316      0.294000      0.102526     -0.343158      0.377105     -0.253421      0.502421     -0.212118      0.286882      0.333824      0.201386      0.907368E-01 -0.731579E-01  0.187706      0.129930      0.113246      0.101093      0.115035    
 2014   1.18700     -0.325000      -1.69800      0.809000      0.723000     -0.459000     -0.256000      -1.42400     -0.658000     -0.862000     -0.960000     -0.659000      0.272000     -0.553333E-01 -0.713000     -0.826667     -0.783333E-01 -0.210833     -0.381833      0.128750      0.435883E-01 -0.215118     -0.187882      0.233412      0.180000     -0.377235      0.399176     -0.286000      0.466529      -999.900      -999.900      -999.900      0.540981E-01  0.751765E-01 -0.880196E-01  -999.900      0.819606E-02  0.102647      -999.900      0.493872E-01
 2015 -0.866000     -0.420000E-01  -1.39600     -0.267000      -1.04400      -1.71500      -1.41400      -2.14700      -1.65000      -1.91200     -0.633000     -0.997000     -0.522333     -0.902333      -1.75867      -1.39833     -0.797500      -1.37283      -1.17358     -0.845750      -999.900      -999.900      -999.900      -999.900      -999.900      -999.900      -999.900      -999.900      -999.900      -999.900      -999.900      -999.900      -999.900      -999.900      -999.900      -999.900      -999.900      -999.900      -999.900      -999.900    
 2016  -2.12200      -2.09400     -0.755000      -2.60800      0.216000      0.441000      0.448000      0.404000       1.27800     -0.660000     -0.227000      0.190000      -1.73767      -1.04900      0.431000      0.130333      -1.41883      0.298334E-01 -0.457417      -1.30625      -999.900      -999.900      -999.900      -999.900      -999.900      -999.900      -999.900      -999.900      -999.900      -999.900      -999.900      -999.900      -999.900      -999.900      -999.900      -999.900      -999.900      -999.900      -999.900      -999.900    
 2017  0.770000E-01 -0.328000      0.409000     -0.752000      0.230000      -1.39200      0.847000      0.167000      0.622000      -999.900      -999.900      -999.900     -0.203333E-01 -0.376666E-01 -0.126000      -999.900     -0.898333E-01 -0.463333E-01  -999.900     -0.269167E-01  -999.900      -999.900      -999.900      -999.900      -999.900      -999.900      -999.900      -999.900      -999.900      -999.900      -999.900      -999.900      -999.900      -999.900      -999.900      -999.900      -999.900      -999.900      -999.900      -999.900    

